#2010-2019 5<M<10
163.71 -49.61 25 0.84 3.59 -4.43 1.46 -0.01 0.69 24 X Y 201001060948A  
179.87 -32.98 12 -3.63 -1.60 5.23 -0.22 -0.98 3.06 23 X Y 201001251408A  
165.91 -30.27 12 0.06 1.41 -1.46 0.27 -0.22 0.48 24 X Y 201002241158A  
165.84 -46.04 26 2.84 0.21 -3.05 -1.82 -4.01 -1.07 23 X Y 201002250438A  
164.56 -48.71 30 0.88 0.11 -0.99 0.46 -0.26 -0.09 24 X Y 201003180624A  
164.51 -48.61 22 2.01 0.81 -2.82 0.67 -0.78 -0.30 24 X Y 201003180628A  
164.51 -48.62 21 0.65 0.30 -0.95 0.39 -0.33 -0.11 24 X Y 201003180642A  
165.76 -45.91 21 1.85 2.24 -4.09 1.04 -3.06 -0.35 23 X Y 201003182129A  
179.94 -32.90 205 0.10 -0.07 -0.02 -0.32 0.83 -0.69 25 X Y 201006171306A  
177.42 -38.96 33 -1.85 -0.75 2.60 -1.26 1.62 4.81 23 X Y 201007111323A  
179.93 -31.29 391 -1.12 -0.33 1.45 -0.71 -0.02 0.37 24 X Y 201008010725A  
172.12 -43.56 12 0.38 0.01 -0.39 0.49 0.01 -3.60 26 X Y 201009031635A  
176.98 -40.50 31 2.40 -0.52 -1.88 0.73 2.37 -0.92 23 X Y 201009062248A  
177.26 -36.56 296 0.92 0.13 -1.05 0.71 -0.27 -0.62 24 X Y 201009290414A  
165.04 -47.17 29 2.61 0.39 -3.00 0.45 -2.04 0.38 23 X Y 201010240820A  
179.82 -36.87 19 -0.12 -1.04 1.16 0.01 1.17 1.11 24 X Y 201101131204A  
163.47 -49.54 12 -1.17 4.46 -3.29 0.50 -0.36 -2.27 23 X Y 201101140648A  
176.45 -38.24 150 -2.19 3.37 -1.18 -2.15 -2.59 -0.44 23 X Y 201101180845A  
176.03 -38.49 159 0.51 0.33 -0.85 2.79 0.56 -0.54 24 X Y 201101271502A  
172.52 -43.60 12 1.09 0.60 -1.70 0.31 -0.27 -1.20 25 X Y 201102212351A  
172.56 -43.50 12 0.33 1.31 -1.64 0.40 0.10 -1.76 24 X Y 201102220004A  
172.55 -43.50 12 0.03 2.12 -2.15 0.50 0.83 -2.00 24 X Y 201102220150A  
163.50 -49.71 12 -1.16 6.66 -5.50 0.75 -0.60 -0.41 23 X Y 201103041232A  
163.35 -49.82 14 -0.18 1.23 -1.06 0.07 -0.08 -0.17 24 X Y 201103041546A  
172.73 -43.59 12 1.22 0.32 -1.55 0.41 0.82 -3.53 23 X Y 201104160549A  
172.31 -43.56 14 0.15 2.79 -2.94 0.38 1.75 -1.44 23 X Y 201105091504A  
172.31 -43.49 12 -0.03 2.41 -2.37 -0.30 -0.12 -4.15 23 X Y 201106052109A  
172.62 -43.49 12 0.08 0.67 -0.74 0.17 0.10 -0.36 24 X Y 201106130101A  
172.62 -43.52 12 0.30 0.55 -0.84 0.25 -0.19 -0.75 25 X Y 201106130220A  
172.44 -43.61 12 1.15 -0.23 -0.92 0.15 1.54 -6.81 23 X Y 201106211034A  
175.68 -38.63 159 1.17 0.79 -1.95 1.47 -0.84 0.39 24 X Y 201107050336A  
178.31 -35.75 14 -1.20 0.67 0.53 0.25 0.04 0.58 24 X Y 201107091440A  
160.85 -49.68 12 0.05 0.85 -0.90 0.33 -0.27 -0.75 24 X Y 201108301136A  
179.99 -37.44 28 -3.48 1.94 1.54 0.99 -1.09 1.11 23 X Y 201109011858A  
179.58 -33.90 12 -4.66 2.00 2.67 2.15 0.89 2.13 23 X Y 201109060710A  
179.46 -33.86 12 -1.34 0.52 0.83 0.59 0.44 0.75 24 X Y 201109061051A  
179.53 -33.92 12 -3.62 1.28 2.34 1.31 0.10 2.02 23 X Y 201109061310A  
163.20 -49.93 19 -0.08 1.05 -0.97 0.01 -0.11 -0.11 25 X Y 201109091926A  
163.47 -49.74 21 -0.89 3.82 -2.92 -0.88 0.10 -0.93 23 X Y 201109301018A  
164.15 -48.92 15 2.05 0.62 -2.67 0.60 -0.31 0.36 24 X Y 201110011054A  
179.74 -37.52 12 -0.84 0.22 0.62 0.09 0.09 0.45 24 X Y 201111180243A  
179.64 -37.49 12 -1.68 0.44 1.24 0.24 0.74 0.78 24 X Y 201111180434A  
179.62 -37.51 12 -4.66 1.52 3.14 0.35 2.31 2.25 24 X Y 201111180751A  
179.98 -37.47 12 -3.34 0.33 3.01 -1.30 -4.23 1.29 23 X Y 201111211938A  
174.08 -41.38 69 -0.62 -0.70 1.32 3.30 2.70 4.29 23 X Y 201112030619A  
172.56 -43.67 12 4.36 -0.64 -3.72 1.03 -0.27 -3.10 24 X Y 201112230058A  
172.69 -43.61 12 1.25 -0.34 -0.91 0.56 0.07 -0.57 24 X Y 201112230106A  
172.58 -43.55 12 3.90 0.27 -4.16 0.97 -2.08 -4.47 24 X Y 201112230218A  
172.69 -43.53 12 0.74 -0.20 -0.53 0.26 0.08 -0.44 24 X Y 201201011645A  
165.38 -46.62 19 0.33 0.20 -0.53 0.45 -0.75 -0.02 25 X Y 201201190648A  
165.22 -46.64 23 0.62 0.14 -0.76 0.03 -0.58 -0.04 24 X Y 201201190901A  
165.27 -46.65 18 0.64 0.22 -0.86 0.10 -1.25 -0.14 24 X Y 201201250602A  
172.78 -43.52 17 4.58 -2.32 -2.25 -0.28 1.13 -2.70 23 X Y 201205250244A  
173.63 -40.05 230 0.37 0.88 -1.25 2.80 -2.07 0.31 25 X Y 201207031036A  
175.74 -39.11 104 1.03 2.38 -3.41 1.26 -2.25 -0.01 23 X Y 201207070050A  
175.90 -38.29 175 2.29 -1.22 -1.07 2.07 -0.17 -2.26 23 X Y 201210150005A  
176.12 -38.64 119 0.41 1.00 -1.41 2.91 -2.77 0.31 24 X Y 201210162342A  
176.08 -38.31 165 1.30 0.22 -1.52 3.38 0.58 -1.45 25 X Y 201212071819A  
179.18 -34.40 15 -0.55 -3.53 4.07 -0.08 0.34 1.06 24 X Y 201301082126A  
179.15 -34.71 160 -2.92 -0.90 3.82 -5.64 -4.23 1.32 23 X Y 201301151904A  
178.20 -36.10 185 4.68 -0.22 -4.46 3.57 3.48 -2.23 24 X Y 201302160516A  
178.50 -35.52 194 -2.42 -0.28 2.71 -2.40 -2.25 0.17 23 X Y 201305280659A  
179.63 -33.82 200 0.76 0.05 -0.81 -0.10 0.99 -0.39 25 X Y 201306151120A  
174.37 -41.58 17 0.68 0.42 -1.10 -0.90 0.99 -0.23 24 X Y 201307182106A  
174.20 -41.71 13 2.48 1.30 -3.78 -1.66 1.09 -1.52 24 X Y 201307201917A  
174.17 -41.63 12 1.42 4.62 -6.05 -3.65 1.60 -1.95 25 X Y 201307210509A  
174.32 -41.84 28 1.55 3.08 -4.64 -1.50 2.10 -1.43 23 X Y 201307212247A  
174.29 -41.61 15 0.54 0.52 -1.06 -1.09 2.80 -1.75 23 X Y 201307281307A  
174.04 -41.76 12 1.28 5.03 -6.31 -3.18 2.83 -3.02 25 X Y 201308160231A  
173.93 -41.82 12 0.71 1.51 -2.22 -0.57 1.53 -1.05 24 X Y 201308160245A  
174.00 -41.72 15 -0.68 5.17 -4.49 -1.37 3.91 -3.86 24 X Y 201308160309A  
174.17 -41.76 17 2.73 2.41 -5.14 -3.26 3.47 -4.00 24 X Y 201308160531A  
174.13 -41.68 17 0.17 0.92 -1.09 -0.38 0.60 -0.40 24 X Y 201308160655A  
174.03 -41.77 19 -0.03 0.71 -0.69 -0.09 0.49 0.00 24 X Y 201308170858A  
165.82 -46.02 20 1.87 0.80 -2.67 0.93 -3.01 -0.95 24 X Y 201312161207A  
175.80 -40.67 24 -1.54 0.90 0.64 1.33 2.75 0.79 25 X Y 201401200252A  
176.66 -40.04 21 5.49 -0.27 -5.23 -0.98 2.83 -2.40 23 X Y 201403310101A  
175.19 -39.40 116 0.77 3.39 -4.16 2.27 -2.34 -1.52 23 X Y 201406060346A  
179.56 -31.72 439 -1.15 -0.14 1.29 -1.06 -0.56 0.46 24 X Y 201407190615A  
178.39 -35.72 12 -0.33 0.86 -0.53 0.30 -0.05 0.87 24 X Y 201409211502A  
178.40 -35.66 14 -2.68 3.77 -1.09 2.72 1.58 3.42 23 X Y 201409211505A  
176.02 -40.57 25 0.46 -0.08 -0.37 0.10 1.42 -0.26 24 X Y 201409221441A  
176.42 -38.45 122 0.94 3.09 -4.03 5.07 -2.27 2.22 23 X Y 201410060114A  
165.74 -46.10 23 3.32 0.42 -3.73 1.45 -3.58 0.34 24 X Y 201410130513A  
179.74 -37.51 21 -1.08 0.30 0.77 0.24 0.45 0.78 26 X Y 201411162233A  
164.14 -49.16 34 1.85 1.37 -3.22 1.97 -0.52 0.67 24 X Y 201412011304A  
165.32 -46.73 33 3.06 1.00 -4.06 0.79 -2.61 0.09 23 X Y 201412120802A  
171.18 -42.98 12 -0.25 0.69 -0.44 -0.96 0.12 -2.70 24 X Y 201501051748A  
164.24 -49.13 39 0.37 0.39 -0.75 0.40 -0.06 0.08 24 X Y 201501060014A  
166.75 -45.43 93 1.26 3.86 -5.13 -2.15 0.78 -1.80 23 X Y 201501131140A  
179.48 -34.07 222 -0.31 0.41 -0.10 -0.25 0.62 -0.57 24 X Y 201502081522A  
179.97 -37.36 17 -5.45 1.51 3.94 3.44 -0.50 2.55 23 X Y 201502170556A  
177.41 -36.45 12 -5.26 2.14 3.12 0.83 0.58 2.86 23 X Y 201502231025A  
177.35 -36.50 12 -1.08 0.61 0.47 0.36 0.30 0.63 24 X Y 201502251933A  
177.40 -36.45 14 -3.34 1.47 1.86 0.74 1.30 1.75 23 X Y 201502281418A  
173.07 -42.02 48 -0.18 0.74 -0.56 0.57 0.74 0.50 25 X Y 201504240336A  
168.73 -44.42 14 0.18 0.69 -0.88 -0.97 0.26 -2.35 24 X Y 201505040229A  
163.47 -49.85 21 -0.52 3.86 -3.34 0.00 0.38 -0.77 23 X Y 201507090512A  
176.18 -38.31 184 0.25 -0.43 0.18 0.72 0.32 -0.46 24 X Y 201509231847A  
176.47 -40.69 24 1.63 -0.56 -1.07 0.52 2.06 -0.91 24 X Y 201510120805A  
175.96 -39.60 30 -0.25 0.35 -0.11 1.35 1.14 -0.12 24 X Y 201511010542A  
178.75 -35.12 220 1.99 1.28 -3.27 2.43 0.69 -1.78 23 X Y 201512210731A  
173.14 -41.91 52 0.34 1.52 -1.87 5.84 -1.48 4.24 23 X Y 201602090039A  
172.54 -43.48 12 1.73 2.54 -4.27 0.41 -0.74 -2.35 24 X Y 201602140013A  
164.03 -49.03 18 0.99 0.12 -1.11 0.20 -0.28 -0.16 25 X Y 201602151928A  
179.77 -32.97 249 -0.55 -0.78 1.34 -0.94 1.38 0.48 24 X Y 201603291103A  
177.42 -37.30 152 1.99 -1.74 -0.25 0.82 3.07 -1.13 23 X Y 201605020026A  
176.56 -38.49 100 1.57 2.23 -3.79 1.68 -0.18 0.79 23 X Y 201605111344A  
166.52 -45.08 49 1.29 -0.16 -1.14 -1.15 -0.65 -0.88 24 X Y 201606070255A  
179.18 -31.60 509 0.17 0.11 -0.28 -0.99 -0.15 -0.55 24 X Y 201606210751A  
179.05 -37.09 27 0.00 -1.32 1.32 4.79 4.10 0.26 24 X Y 201608312204A  
179.03 -37.19 28 -2.21 -0.34 2.56 2.91 3.18 1.08 26 X Y 201609011637A  
178.88 -37.37 37 -7.17 1.92 5.25 2.38 -0.12 3.20 24 X Y 201609011918A  
178.69 -37.50 18 0.05 -1.00 0.95 3.82 5.98 -1.77 24 X Y 201609012006A  
178.79 -37.43 25 -0.48 -0.25 0.73 0.93 0.70 0.22 24 X Y 201609030430A  
178.85 -37.10 15 0.14 0.70 -0.84 1.75 7.77 -1.31 23 X Y 201609030458A  
178.87 -37.44 22 -5.12 0.38 4.74 1.60 3.91 0.97 23 X Y 201609031330A  
179.05 -37.15 32 -4.61 2.12 2.50 1.31 1.96 2.33 23 X Y 201609040619A  
178.85 -37.07 20 0.94 0.03 -0.96 1.29 6.45 -0.41 24 X Y 201609051518A  
178.85 -37.07 12 0.01 0.08 -0.08 0.57 1.31 -0.04 24 X Y 201609051701A  
178.82 -37.46 22 -5.06 -0.26 5.32 3.07 3.44 0.50 23 X Y 201609230556A  
178.80 -37.23 26 -0.21 -0.59 0.79 2.88 4.61 -0.24 24 X Y 201610081941A  
173.85 -42.03 19 3.56 1.69 -5.25 -1.14 4.34 -2.04 27 X Y 201611131102A  
173.86 -42.28 12 1.70 1.27 -2.97 -0.58 2.69 -3.17 24 X Y 201611131928A  
172.98 -42.30 12 0.08 0.44 -0.51 0.45 0.53 -0.49 24 X Y 201611132219A  
173.07 -42.44 12 -0.14 3.29 -3.15 -0.42 -0.07 -3.45 25 X Y 201611140034A  
174.22 -41.84 25 0.23 0.51 -0.74 -0.38 0.75 -0.72 24 X Y 201611140642A  
173.74 -42.32 19 2.31 -0.88 -1.44 -0.35 1.74 -2.58 24 X Y 201611140647A  
174.25 -41.75 19 0.25 1.22 -1.48 -0.88 1.39 -0.96 24 X Y 201611140721A  
173.69 -42.31 16 0.82 -1.14 0.31 0.12 0.48 -4.09 23 X Y 201611140949A  
173.73 -42.42 19 2.69 0.02 -2.70 0.56 2.03 -1.14 23 X Y 201611141917A  
174.26 -41.73 18 0.29 1.13 -1.43 -0.75 0.40 -0.62 24 X Y 201611150134A  
173.62 -42.40 21 5.72 -1.71 -4.00 1.17 2.58 -2.12 23 X Y 201611150509A  
173.81 -42.18 19 0.22 0.29 -0.51 0.35 0.39 -0.67 24 X Y 201611150630A  
172.97 -42.67 12 6.31 -1.91 -4.40 2.49 -0.96 -3.50 23 X Y 201611181422A  
177.58 -40.79 12 0.54 -0.23 -0.31 0.57 1.00 -0.32 25 X Y 201611220019A  
172.85 -42.85 12 0.38 0.47 -0.84 -0.44 0.32 -1.52 24 X Y 201611220513A  
177.11 -37.05 202 1.44 2.54 -3.98 -0.99 2.44 -1.12 23 X Y 201611221938A  
164.42 -47.94 21 2.27 0.62 -2.89 -0.67 -2.50 0.01 23 X Y 201611232030A  
174.10 -41.69 17 0.06 0.75 -0.80 -0.47 0.50 -0.37 24 X Y 201612040315A  
174.33 -41.55 15 0.12 0.72 -0.84 -0.33 0.24 -0.06 24 X Y 201612290234A  
173.96 -41.84 21 -0.32 0.74 -0.42 -0.48 0.80 -0.51 24 X Y 201701051117A  
177.91 -37.82 63 3.00 0.85 -3.85 -0.48 1.08 -1.40 23 X Y 201701061646A  
173.75 -42.21 26 -0.95 2.61 -1.66 0.26 3.98 -0.62 23 X Y 201702011021A  
177.66 -37.85 50 3.07 -0.25 -2.82 0.00 1.65 -1.77 23 X Y 201702020505A  
165.97 -45.39 14 4.55 -0.31 -4.24 -0.54 -4.93 -1.26 23 X Y 201702050935A  
177.77 -38.39 31 0.80 1.24 -2.03 0.72 2.49 3.27 23 X Y 201704190308A  
177.87 -37.80 49 3.98 -1.11 -2.87 0.37 1.04 -0.81 23 X Y 201705090619A  
163.99 -49.24 32 0.45 0.36 -0.80 0.42 -0.11 0.17 26 X Y 201707110659A  
179.10 -37.05 37 -0.58 -0.96 1.54 1.70 0.55 3.33 23 X Y 201709300634A  
173.43 -42.32 19 0.91 2.46 -3.37 -0.67 2.69 -2.69 23 X Y 201710220410A  
177.29 -37.50 21 -3.70 3.27 0.44 1.04 1.62 1.30 23 X Y 201710310736A  
177.31 -37.59 15 -4.49 2.68 1.82 1.27 6.53 1.57 23 X Y 201710312259A  
177.49 -36.19 15 -0.08 1.62 -1.54 -0.05 0.05 0.02 24 X Y 201711220742A  
178.84 -37.32 36 -1.55 -1.14 2.69 0.94 -0.51 2.31 23 X Y 201804091214A  
178.61 -35.43 171 -3.80 1.14 2.65 0.04 -4.02 -2.37 23 X Y 201804131338A  
175.46 -39.48 63 -1.08 3.55 -2.47 0.63 -1.92 -0.50 23 X Y 201807102143A  
176.70 -38.18 164 -0.17 3.74 -3.57 3.36 2.47 0.09 23 X Y 201809180136A  
167.51 -44.44 24 3.19 -0.20 -2.98 -0.05 -2.02 -0.52 23 X Y 201810060937A  
174.94 -39.07 226 1.08 0.08 -1.16 1.39 -0.03 -0.72 25 X Y 201810300213A  
163.33 -49.79 22 -1.19 5.80 -4.62 -0.06 0.38 -0.78 23 X Y 201811051954A  
165.08 -47.80 12 0.06 0.99 -1.05 1.06 -0.79 6.01 24 X Y 201811242342A  
165.11 -47.73 13 -0.06 1.95 -1.89 1.04 -1.26 7.82 23 X Y 201811260957A  
166.12 -45.57 31 2.13 0.78 -2.91 1.38 -2.20 -0.02 23 X Y 201811300417A  
-177.16 -31.61 12 6.02 -0.58 -5.44 0.69 5.03 -1.86 24 X Y 201001151014A  
-177.19 -31.58 12 0.87 -0.13 -0.75 0.01 0.61 -0.34 24 X Y 201001151038A  
-179.65 -38.57 12 -1.17 -0.18 1.35 0.69 0.65 4.02 23 X Y 201002091021A  
-178.12 -33.90 16 0.47 -0.05 -0.42 0.08 0.78 -0.20 24 X Y 201003230633A  
-176.74 -31.05 52 0.48 -0.41 -0.07 0.10 -0.43 -0.79 24 X Y 201004030135A  
-177.48 -31.32 21 3.20 -0.41 -2.79 0.32 2.23 -0.86 23 X Y 201004151340A  
-179.01 -33.02 56 1.37 -0.05 -1.32 0.05 0.56 -0.59 24 X Y 201006060220A  
-179.84 -30.69 412 -0.77 -0.12 0.89 -0.30 0.20 -0.00 24 X Y 201007102304A  
-177.79 -30.78 58 3.28 0.31 -3.59 0.76 1.07 -0.67 23 X Y 201007110300A  
-177.88 -30.71 51 4.28 -0.88 -3.40 0.92 3.23 -2.19 23 X Y 201009060954A  
-177.55 -30.19 54 4.33 0.24 -4.58 -0.53 -0.09 -1.38 23 X Y 201010040005A  
-178.14 -33.41 20 4.53 -0.31 -4.22 0.85 4.06 -1.31 23 X Y 201010211150A  
-178.38 -33.50 17 4.13 -0.37 -3.76 1.10 6.38 -1.32 24 X Y 201011221618A  
-179.50 -32.30 12 -1.29 0.51 0.78 0.37 0.09 0.63 24 X Y 201012080918A  
-177.41 -31.36 32 4.29 -2.46 -1.83 0.98 1.25 -1.29 23 X Y 201012081109A  
-179.60 -32.25 12 -0.79 -0.07 0.86 0.13 0.09 0.81 24 X Y 201012140116B  
-177.60 -30.16 50 0.81 -0.04 -0.77 0.08 0.23 -0.25 24 X Y 201012160210A  
-177.96 -31.83 38 3.83 -0.88 -2.95 0.64 2.28 -1.08 23 X Y 201012302346A  
-177.44 -30.98 24 3.78 -0.15 -3.63 0.20 1.96 -0.67 23 X Y 201102092123A  
-177.40 -31.11 21 2.21 -0.14 -2.07 -0.18 1.96 -0.33 24 X Y 201102120303A  
-178.43 -30.90 129 0.50 0.07 -0.58 -0.06 1.61 -0.23 24 X Y 201103062345A  
-179.66 -30.90 329 -2.83 -0.49 3.31 -1.74 0.59 1.42 24 X Y 201103201520A  
-179.53 -32.26 12 -6.28 0.14 6.13 -0.06 -0.80 3.00 23 X Y 201103232301A  
-176.78 -31.27 14 -0.70 -0.06 0.76 0.09 -0.30 0.33 24 X Y 201104061125A  
-177.96 -32.94 20 0.98 -0.11 -0.87 0.18 1.11 -0.31 24 X Y 201104140545A  
-179.83 -34.40 100 -3.04 -1.31 4.35 2.05 6.56 0.99 25 X Y 201104181303A  
-179.22 -36.25 14 -1.07 -0.23 1.30 -0.05 -0.00 0.22 24 X Y 201105110611A  
-177.96 -30.81 53 6.91 -0.37 -6.54 -0.25 0.66 -2.05 24 X Y 201105212117A  
-177.52 -31.81 18 4.25 -0.43 -3.82 2.31 5.23 -1.67 23 X Y 201106011921A  
-177.64 -30.29 46 2.47 0.07 -2.53 0.11 1.21 -0.23 24 X Y 201106092016A  
-177.29 -30.33 33 4.44 0.05 -4.49 0.78 3.22 -2.02 23 X Y 201106211147A  
-178.62 -33.12 45 -3.05 0.28 2.77 -0.00 -1.85 0.71 23 X Y 201106271339A  
-178.12 -33.63 22 3.54 -0.90 -2.64 0.55 3.10 -1.14 23 X Y 201107071347A  
-178.14 -33.61 18 0.60 -0.06 -0.55 0.11 0.75 -0.19 24 X Y 201107071453B  
-177.75 -32.62 28 1.47 -0.47 -1.00 0.63 0.87 -0.32 24 X Y 201107100657A  
-177.56 -32.62 22 3.95 -0.54 -3.41 0.44 2.67 -0.92 23 X Y 201107101207A  
-179.76 -34.94 43 2.98 0.24 -3.22 0.18 1.12 -1.10 23 X Y 201107171139A  
-177.48 -30.57 32 0.76 0.02 -0.78 0.13 0.51 -0.17 24 X Y 201107190220A  
-177.93 -31.29 41 6.17 -0.56 -5.62 0.08 3.31 -1.47 23 X Y 201107311329A  
-178.12 -30.36 72 2.23 0.41 -2.63 1.68 1.91 -0.82 23 X Y 201108100713A  
-177.57 -30.41 39 1.69 -0.23 -1.46 0.18 1.02 -0.47 24 X Y 201108130714A  
-178.60 -35.09 12 -3.31 -0.21 3.52 -0.40 1.09 3.10 24 X Y 201109141336A  
-178.68 -35.18 12 -1.14 -0.15 1.29 -0.09 0.04 0.31 25 X Y 201109150753A  
-178.73 -32.49 49 1.57 -0.26 -1.31 0.40 0.72 -0.69 25 X Y 201110070858A  
-178.74 -32.42 51 5.20 -1.78 -3.42 1.64 1.53 -1.80 23 X Y 201110071214A  
-179.50 -31.41 228 -5.11 -1.43 6.54 -2.10 -1.10 2.14 23 X Y 201110160121A  
-177.43 -32.53 33 -1.41 -0.77 2.18 -1.41 -3.57 -1.95 23 X Y 201111190121A  
-177.00 -30.66 12 6.03 -1.50 -4.52 1.37 4.66 -2.86 23 X Y 201111270912A  
-177.72 -30.55 48 0.75 -0.03 -0.72 0.05 0.39 -0.20 24 X Y 201112041445A  
-178.72 -32.54 50 0.91 -0.11 -0.81 0.05 0.37 -0.29 25 X Y 201112151010A  
-178.11 -32.69 24 4.77 -0.45 -4.33 1.00 3.98 -1.12 23 X Y 201112171018A  
-178.66 -33.19 30 3.65 -1.72 -1.92 -0.23 -1.24 2.73 24 X Y 201112211337A  
-177.97 -33.60 12 -1.68 -0.11 1.79 -0.07 -0.27 0.55 24 X Y 201112231051A  
-178.04 -32.41 21 3.62 -0.70 -2.92 0.85 2.22 -0.71 23 X Y 201112301729A  
-178.05 -32.39 19 4.80 -0.21 -4.59 1.11 4.73 -0.58 23 X Y 201112302137A  
-177.95 -32.39 25 5.21 -0.95 -4.26 0.34 4.11 -0.92 23 X Y 201112302143A  
-178.22 -32.64 30 3.80 -0.86 -2.94 2.72 4.91 -1.70 23 X Y 201201131749A  
-178.44 -33.68 15 0.76 0.04 -0.79 0.20 1.07 -0.22 24 X Y 201202130558A  
-178.23 -33.65 27 3.61 -0.55 -3.06 0.48 3.40 -1.01 23 X Y 201202130750A  
-178.62 -32.35 47 4.50 -0.82 -3.68 0.81 1.38 -1.48 23 X Y 201202131012A  
-175.66 -30.09 12 -0.85 -0.21 1.06 -0.33 -0.14 0.30 24 X Y 201205012213A  
-178.41 -31.69 61 4.64 0.58 -5.22 -0.01 1.14 -1.00 23 X Y 201206121348A  
-178.15 -32.75 20 1.16 -0.10 -1.06 0.22 1.13 -0.29 24 X Y 201206212352A  
-178.06 -32.80 23 0.85 -0.12 -0.73 0.21 0.66 -0.19 24 X Y 201206220003B  
-178.14 -32.81 20 2.66 -0.22 -2.43 0.42 2.55 -0.70 24 X Y 201206220220A  
-177.99 -32.71 22 3.46 -0.09 -3.38 0.36 3.61 -1.07 23 X Y 201206220502A  
-178.03 -32.95 23 5.53 -0.21 -5.31 1.15 4.80 -1.74 23 X Y 201206221212A  
-177.98 -30.71 42 5.22 -1.72 -3.50 1.92 5.24 -2.02 23 X Y 201207041436A  
-179.96 -37.69 15 -2.60 1.58 1.02 0.19 1.35 4.05 24 X Y 201207210454A  
-176.96 -30.19 19 5.17 -0.77 -4.39 -0.07 3.85 -1.46 23 X Y 201207221815A  
-177.24 -30.34 29 3.22 -1.25 -1.97 -0.52 1.19 -1.78 23 X Y 201207231947A  
-178.92 -31.36 94 2.26 -3.63 1.37 -0.56 -1.93 4.22 23 X Y 201207260238A  
-179.17 -35.50 25 0.53 -0.10 -0.43 0.18 0.76 -0.22 24 X Y 201208010924A  
-179.62 -37.44 16 -3.01 0.88 2.12 -0.66 -2.63 1.82 23 X Y 201208020517A  
-179.01 -35.65 31 2.76 -0.28 -2.48 0.93 2.50 -0.98 23 X Y 201208040956A  
-179.26 -35.65 21 5.58 -0.85 -4.73 0.94 4.67 -1.96 23 X Y 201208041254A  
-179.17 -33.32 54 2.93 -0.23 -2.70 0.16 1.28 -0.99 24 X Y 201208241001A  
-177.62 -30.49 41 3.45 0.17 -3.62 -1.03 1.82 -0.25 23 X Y 201209091436A  
-176.51 -30.52 46 1.05 -0.54 -0.51 0.35 0.38 -0.56 24 X Y 201210191534A  
-176.95 -30.96 17 2.35 -0.76 -1.59 1.57 2.06 -1.07 23 X Y 201212052341A  
-176.99 -30.88 17 3.28 -1.01 -2.28 0.05 2.00 -1.13 23 X Y 201212081226A  
-177.95 -30.86 52 1.49 -0.00 -1.49 -0.15 0.03 -0.31 24 X Y 201212130053A  
-177.17 -30.24 31 4.23 -2.00 -2.24 -2.46 1.69 -1.32 23 X Y 201212200606A  
-177.88 -30.66 51 6.24 -0.74 -5.50 0.69 1.56 -2.23 24 X Y 201302181219A  
-177.89 -30.66 52 1.85 -0.05 -1.80 0.23 0.00 -0.55 24 X Y 201302181632A  
-177.81 -32.13 17 2.96 -0.44 -2.52 0.89 2.85 -1.30 24 X Y 201302242054A  
-177.63 -32.28 21 2.26 -0.02 -2.24 2.42 2.30 -1.14 23 X Y 201302250007A  
-177.67 -32.07 21 -3.82 2.83 0.99 2.01 2.52 1.64 23 X Y 201302250013A  
-177.68 -32.15 28 6.25 -1.30 -4.96 1.39 4.41 -2.32 23 X Y 201302250805A  
-177.18 -30.81 19 2.94 -0.42 -2.52 -0.29 1.73 -0.97 23 X Y 201302270649A  
-177.13 -30.74 19 3.22 -0.41 -2.81 -0.14 1.87 0.05 23 X Y 201303060700A  
-179.07 -33.17 56 1.46 -0.12 -1.34 -0.03 0.50 -0.43 24 X Y 201303261736A  
-177.72 -31.54 27 3.77 -0.98 -2.80 0.43 2.27 -1.47 23 X Y 201304050627A  
-177.77 -31.61 23 4.89 -0.80 -4.10 0.61 2.46 -1.62 23 X Y 201304051000A  
-177.19 -30.43 29 -3.89 0.84 3.05 0.32 -0.15 1.53 23 X Y 201305221135A  
-177.94 -30.70 56 -0.63 -0.07 0.69 1.57 6.68 -4.29 23 X Y 201307031509A  
-179.86 -32.05 222 -0.84 -0.29 1.13 -0.65 -0.94 -0.12 24 X Y 201307032013A  
-178.33 -31.66 62 3.17 0.76 -3.93 0.73 0.75 -2.49 23 X Y 201307091822A  
-177.19 -30.15 28 1.65 -0.21 -1.44 0.37 1.21 -0.45 24 X Y 201307101425A  
-177.14 -30.18 28 2.99 -0.49 -2.50 0.62 2.06 -0.81 24 X Y 201307101444B  
-176.30 -30.43 45 3.24 -3.07 -0.17 0.44 -2.12 -3.78 24 X Y 201307191140A  
-179.58 -30.46 348 -1.23 -0.81 2.04 -1.05 -0.11 0.40 25 X Y 201308120416A  
-179.09 -31.43 12 -2.32 -0.68 3.00 1.53 0.75 7.18 23 X Y 201308241547A  
-177.78 -33.42 12 -3.74 -1.31 5.06 -0.60 0.19 0.93 24 X Y 201309211648A  
-177.99 -30.83 51 4.56 -0.21 -4.35 0.28 2.12 -1.43 25 X Y 201309300555A  
-177.94 -30.79 54 4.08 0.14 -4.22 0.75 1.26 -1.62 23 X Y 201310040831A  
-177.72 -30.32 49 4.14 0.56 -4.70 -0.28 1.23 -0.56 23 X Y 201310051435A  
-178.43 -30.57 156 2.05 0.08 -2.13 -0.34 1.41 -0.00 25 X Y 201310112124A  
-178.08 -30.86 62 2.55 -0.19 -2.35 -0.35 -1.08 -1.04 24 X Y 201310240025A  
-179.49 -30.08 351 -0.62 -0.60 1.22 -0.52 0.01 0.05 24 X Y 201311182223A  
-179.49 -31.27 217 -2.46 -1.14 3.60 -1.64 1.56 0.66 24 X Y 201401100222A  
-179.12 -30.44 237 -3.58 -1.42 4.99 -2.41 0.43 0.56 23 X Y 201401111153A  
-177.69 -32.97 51 4.99 -2.08 -2.91 -1.40 -0.66 -2.87 25 X Y 201402020926A  
-177.71 -33.61 21 -3.51 0.97 2.54 -0.72 -0.37 1.22 23 X Y 201402021811A  
-178.58 -32.71 46 4.06 0.10 -4.16 0.14 1.69 -1.28 23 X Y 201402130141A  
-178.95 -34.82 17 1.39 -0.26 -1.13 0.47 1.77 -0.49 24 X Y 201402180814A  
-178.57 -32.19 50 5.67 0.31 -5.98 0.57 2.35 -1.97 23 X Y 201402200518A  
-178.05 -33.25 22 3.32 -0.79 -2.53 0.69 3.32 -1.05 23 X Y 201403222130A  
-178.81 -32.90 48 4.64 -0.22 -4.43 0.17 1.89 -1.98 23 X Y 201404300521A  
-177.55 -30.23 41 1.26 -0.09 -1.16 0.14 0.67 -0.28 24 X Y 201405290639A  
-177.36 -30.17 31 0.89 -0.01 -0.88 0.18 0.77 -0.30 24 X Y 201405302248A  
-178.95 -32.97 51 1.97 -0.17 -1.80 0.08 0.81 -0.58 24 X Y 201406020631A  
-177.13 -30.03 26 1.91 -0.09 -1.83 0.43 1.72 -0.52 26 X Y 201406231919A  
-177.70 -30.03 12 0.63 0.97 -1.60 3.91 5.27 -0.84 25 X Y 201406231921A  
-177.34 -30.23 30 1.28 0.37 -1.64 0.12 1.36 -2.01 24 X Y 201406252246A  
-176.72 -30.06 23 1.14 -0.42 -0.72 0.14 0.45 -0.27 24 X Y 201406302045A  
-176.67 -30.12 24 4.77 -0.28 -4.49 1.43 4.62 -0.98 23 X Y 201407011811A  
-176.53 -30.07 30 5.08 -1.62 -3.47 -0.21 1.51 -1.78 23 X Y 201407011819A  
-177.64 -32.33 22 4.17 -0.01 -4.16 0.82 4.20 -1.45 23 X Y 201407030125A  
-176.30 -30.35 49 2.90 -2.39 -0.51 -0.50 -1.82 -2.57 25 X Y 201407031950A  
-177.73 -30.38 47 0.63 0.18 -0.81 -0.20 0.40 -0.10 24 X Y 201407050118A  
-178.46 -33.20 18 1.05 -0.48 -0.57 0.75 0.72 -0.50 24 X Y 201407081435A  
-179.38 -34.79 31 0.61 -0.96 0.35 0.15 2.12 1.73 24 X Y 201407181823A  
-176.89 -30.30 12 3.33 0.77 -4.10 0.18 1.81 -0.27 23 X Y 201408041650A  
-179.21 -33.27 56 1.00 0.09 -1.09 -0.22 -0.69 -0.29 24 X Y 201410231218A  
-179.94 -36.14 25 3.51 -0.56 -2.95 0.29 3.03 -1.51 23 X Y 201411101523A  
-177.45 -30.06 42 3.01 -0.39 -2.62 0.49 1.58 -1.02 24 X Y 201411102138A  
-177.75 -30.59 48 6.08 -0.14 -5.94 0.07 3.29 -2.67 23 X Y 201412140714A  
-178.03 -31.15 53 4.68 -0.38 -4.31 -1.03 1.87 -0.87 23 X Y 201502201539A  
-177.02 -30.20 23 6.04 -0.31 -5.73 -0.14 1.61 -0.26 23 X Y 201503111853A  
-177.98 -31.63 37 3.80 -0.30 -3.50 0.82 2.92 -1.00 23 X Y 201503211313A  
-179.01 -30.38 12 -0.82 0.37 0.45 0.13 0.27 0.50 24 X Y 201504021253A  
-178.97 -30.35 12 -1.24 0.41 0.83 0.15 0.23 0.61 24 X Y 201504031031A  
-179.78 -35.02 42 0.53 -0.06 -0.47 0.06 0.68 -0.27 24 X Y 201504181116A  
-177.94 -30.68 55 4.89 0.32 -5.21 0.43 0.80 -1.75 23 X Y 201504221703A  
-178.86 -35.13 20 3.43 -0.35 -3.08 0.27 3.53 -1.32 23 X Y 201505131918A  
-179.02 -35.16 12 0.68 -0.12 -0.56 0.08 0.50 -0.31 24 X Y 201505151540A  
-179.02 -35.06 12 0.80 -0.09 -0.71 0.01 0.47 -0.27 24 X Y 201506242206A  
-177.65 -32.22 14 5.68 -0.25 -5.43 1.04 5.19 -1.76 24 X Y 201506251845A  
-177.62 -32.28 30 2.89 -0.94 -1.95 0.99 1.69 -1.05 23 X Y 201506252257A  
-177.58 -32.20 30 3.97 -0.40 -3.57 0.82 3.46 -0.70 23 X Y 201506281253A  
-177.51 -32.46 12 0.85 -0.24 -0.61 0.30 0.99 -0.35 24 X Y 201506301219A  
-177.69 -32.05 16 5.02 -0.22 -4.80 1.65 6.25 -1.52 23 X Y 201507021906A  
-179.05 -35.28 21 3.91 -0.88 -3.03 0.56 3.03 -1.06 23 X Y 201507041608A  
-177.75 -31.99 20 4.96 -0.22 -4.74 0.18 5.67 -1.31 23 X Y 201507041728A  
-177.60 -32.11 31 3.81 -0.82 -2.99 0.72 2.37 -0.88 23 X Y 201507041734A  
-179.28 -35.34 26 2.24 -0.28 -1.96 0.64 2.04 -0.46 24 X Y 201507070535A  
-179.25 -35.53 28 2.64 -0.83 -1.81 0.96 2.06 -1.01 24 X Y 201507070620A  
-177.53 -32.17 14 -4.26 0.04 4.22 1.43 -0.08 1.46 23 X Y 201507162041A  
-177.91 -32.83 18 0.65 -0.07 -0.58 0.15 0.76 -0.15 24 X Y 201508131558A  
-178.86 -30.33 243 -0.34 -0.44 0.79 -1.06 0.52 0.35 25 X Y 201508240941A  
-177.32 -31.05 22 3.70 -0.10 -3.61 0.37 2.98 -0.78 23 X Y 201508310607A  
-177.73 -32.83 12 1.54 -0.09 -1.45 0.37 1.71 -0.44 25 X Y 201509070913A  
-177.76 -32.94 15 0.52 -0.04 -0.49 0.15 0.69 -0.18 25 X Y 201509071406A  
-177.83 -33.04 18 0.78 -0.09 -0.69 0.15 0.91 -0.21 24 X Y 201509072024A  
-178.06 -32.69 24 0.70 -0.14 -0.56 -0.01 0.42 -0.08 24 X Y 201509080250A  
-178.15 -33.07 18 2.80 -0.14 -2.66 0.60 4.27 -0.74 24 X Y 201509080648A  
-178.11 -33.11 21 1.81 -0.19 -1.61 0.23 1.80 -0.38 24 X Y 201509080819A  
-178.02 -32.84 21 4.64 -0.58 -4.07 0.76 3.55 -0.81 23 X Y 201509081137A  
-177.80 -32.65 14 3.89 -0.42 -3.47 0.91 3.98 -1.44 24 X Y 201509122032A  
-177.77 -33.14 24 3.46 -0.69 -2.76 0.16 2.29 -0.80 23 X Y 201509130705A  
-177.82 -33.03 27 3.59 -0.83 -2.76 0.03 2.52 -0.90 23 X Y 201509242230A  
-177.73 -32.61 17 2.92 0.26 -3.18 -0.06 4.30 -0.88 23 X Y 201509290312A  
-177.91 -33.03 19 -3.78 0.45 3.33 -1.14 -1.95 0.98 23 X Y 201510030414A  
-177.65 -32.11 19 -3.53 0.05 3.48 -0.28 1.24 -0.11 23 X Y 201510091734A  
-179.20 -30.19 322 -1.06 -0.53 1.59 -1.18 -0.55 0.15 24 X Y 201510241731A  
-177.58 -32.39 28 2.71 -0.24 -2.47 0.40 2.79 -0.59 23 X Y 201511190347A  
-178.60 -33.73 21 3.42 1.11 -4.52 0.59 1.74 -0.62 23 X Y 201511212302A  
-177.43 -30.25 37 1.43 0.06 -1.49 0.16 1.03 -0.40 24 X Y 201512070147A  
-177.41 -31.93 30 3.69 -1.11 -2.58 0.59 1.54 -0.43 23 X Y 201512140658A  
-177.72 -30.34 50 0.59 0.37 -0.96 0.08 0.35 -0.16 24 X Y 201512312129A  
-178.72 -31.30 104 -0.03 0.69 -0.66 -1.22 -3.94 0.35 23 X Y 201601181343A  
-178.42 -30.84 144 -0.57 -0.04 0.60 0.64 1.79 0.16 24 X Y 201601210826A  
-179.82 -30.81 391 -1.21 -1.04 2.25 -1.07 -1.91 -0.60 25 X Y 201602011900A  
-177.32 -30.46 27 5.19 0.11 -5.30 0.40 3.86 -2.08 23 X Y 201602040007A  
-177.31 -30.45 26 0.65 -0.01 -0.64 0.07 0.58 -0.23 24 X Y 201602040048A  
-177.30 -30.50 29 5.43 -0.75 -4.68 0.18 2.49 -1.74 23 X Y 201602040058A  
-177.44 -30.37 32 3.21 -0.31 -2.90 -0.46 2.40 -0.93 23 X Y 201602040852A  
-177.46 -30.47 29 1.35 -0.08 -1.27 0.28 1.24 -0.42 24 X Y 201602170744A  
-178.07 -31.22 80 1.52 -3.78 2.26 -1.52 2.98 1.46 23 X Y 201602190516A  
-178.02 -33.03 18 2.04 -0.20 -1.84 0.61 2.59 -0.60 24 X Y 201603010926A  
-178.01 -32.99 22 3.55 -0.71 -2.84 0.70 2.97 -0.68 23 X Y 201603041644A  
-178.18 -32.85 17 -1.13 -0.92 2.06 3.84 8.69 -0.33 23 X Y 201603051845A  
-178.41 -33.80 17 4.94 -1.21 -3.73 1.68 4.38 -2.14 23 X Y 201605261309A  
-177.85 -30.25 58 2.92 -0.42 -2.50 0.51 1.20 -1.13 24 X Y 201605300714A  
-177.90 -30.20 55 1.00 -0.24 -0.75 0.34 0.49 -0.39 24 X Y 201605301055A  
-177.85 -30.35 62 -2.36 0.50 1.86 -0.27 0.15 1.36 24 X Y 201606011537A  
-177.64 -30.13 49 1.30 -0.01 -1.29 0.12 0.42 -0.36 25 X Y 201606060235A  
-177.54 -30.14 55 2.76 0.49 -3.25 -0.02 1.83 -0.91 23 X Y 201606231455A  
-177.66 -30.07 52 1.12 -0.02 -1.10 0.15 0.44 -0.24 24 X Y 201607041738A  
-177.76 -32.96 47 4.13 -0.75 -3.38 0.20 -1.52 -0.62 23 X Y 201607051906A  
-177.75 -31.78 25 4.82 -1.24 -3.58 1.10 2.38 -1.93 23 X Y 201607181027A  
-179.66 -31.73 240 -3.07 -0.24 3.31 -4.35 -4.46 0.69 23 X Y 201608091343A  
-178.15 -33.62 22 3.96 -0.94 -3.03 0.29 1.96 -0.88 23 X Y 201608190455A  
-177.70 -32.42 21 1.61 -0.18 -1.44 0.33 1.84 -0.39 24 X Y 201609240402A  
-177.79 -32.51 22 1.75 -0.10 -1.64 0.36 1.53 -0.47 24 X Y 201609250428A  
-177.90 -32.65 22 4.99 -3.27 -1.72 0.56 1.60 -0.17 23 X Y 201609270754A  
-177.70 -32.49 19 2.79 -0.10 -2.69 0.55 2.42 -0.98 23 X Y 201609271040A  
-177.54 -30.25 38 1.50 -0.06 -1.44 0.09 0.92 -0.47 24 X Y 201609290134A  
-177.50 -30.65 35 4.86 -0.33 -4.53 0.54 2.62 -0.71 23 X Y 201611021615A  
-178.78 -33.15 39 5.19 -1.01 -4.19 0.04 1.31 -0.30 23 X Y 201611090432A  
-178.09 -32.73 23 3.37 -0.34 -3.02 0.13 2.26 -0.84 23 X Y 201611241315A  
-179.98 -30.84 418 -3.62 -2.42 6.05 -2.67 -3.91 -0.41 23 X Y 201612061649A  
-178.51 -34.62 54 3.59 -1.57 -2.02 -1.36 -2.11 -2.69 23 X Y 201612220719A  
-177.65 -33.28 19 -4.22 -0.50 4.71 -0.93 -1.16 0.74 23 X Y 201612300258A  
-177.53 -30.46 40 1.86 -0.13 -1.74 0.16 0.90 -0.55 24 X Y 201612301256A  
-177.19 -30.15 24 0.70 -0.04 -0.65 0.09 0.46 -0.20 25 X Y 201701291459A  
-177.17 -30.19 33 3.68 -2.65 -1.03 -0.15 1.62 -2.04 23 X Y 201702042205A  
-179.87 -31.08 388 -0.97 -0.49 1.45 -0.79 -0.74 -0.39 24 X Y 201703061925A  
-177.53 -30.54 37 2.94 0.06 -3.00 0.24 2.04 -1.28 24 X Y 201703111710A  
-177.24 -30.25 28 0.38 0.40 -0.78 -0.22 0.62 -0.31 24 X Y 201703141816A  
-179.66 -34.62 64 2.66 2.69 -5.35 -1.21 1.02 0.52 23 X Y 201705070529A  
-177.84 -30.62 50 1.09 -0.08 -1.01 0.09 0.49 -0.31 25 X Y 201706150026A  
-177.39 -30.11 43 3.27 -0.54 -2.72 0.17 1.26 -0.73 23 X Y 201706181847A  
-177.32 -30.27 29 1.42 -0.06 -1.36 0.01 1.19 -0.42 25 X Y 201706281820A  
-179.92 -30.93 409 -0.46 -0.77 1.23 -0.74 -0.65 -0.06 25 X Y 201706290703A  
-177.49 -30.33 12 -0.21 -0.86 1.07 1.27 5.51 0.07 23 X Y 201707050445A  
-179.02 -32.94 52 1.70 -0.12 -1.58 0.07 0.69 -0.44 24 X Y 201708021915A  
-179.24 -35.53 22 0.61 -0.08 -0.53 0.23 0.52 -0.24 24 X Y 201708202337A  
-177.89 -30.25 48 -0.75 1.82 -1.07 0.56 -1.64 2.50 23 X Y 201709172222A  
-178.26 -33.94 13 3.28 -0.47 -2.81 0.20 2.00 -1.26 23 X Y 201709282247A  
-177.86 -31.34 27 3.19 0.18 -3.37 0.46 4.65 -0.88 23 X Y 201710040322A  
-177.85 -33.06 12 0.85 0.00 -0.86 0.09 1.05 -0.25 24 X Y 201710070016A  
-177.77 -30.27 45 5.37 -0.14 -5.23 0.26 1.77 -1.10 23 X Y 201710200955A  
-177.42 -31.82 21 3.28 -0.12 -3.16 0.38 3.14 -1.06 23 X Y 201711142053A  
-178.84 -32.73 47 4.87 -1.50 -3.38 1.32 1.86 -2.35 24 X Y 201712040008A  
-178.58 -30.48 14 7.06 -2.31 -4.74 -1.85 -1.45 1.17 24 X Y 201712080209A  
-177.67 -30.44 87 -0.80 -3.56 4.36 1.27 6.00 2.71 23 X Y 201801100103A  
-177.56 -30.08 46 0.73 -0.03 -0.70 0.04 0.35 -0.23 25 X Y 201801172256A  
-177.89 -30.60 52 0.85 -0.12 -0.73 0.03 0.13 -0.29 24 X Y 201803091802A  
-179.13 -34.03 41 3.04 0.56 -3.60 -0.20 1.80 -1.02 23 X Y 201803211138A  
-177.46 -30.10 39 1.84 -0.09 -1.75 0.21 1.08 -0.38 24 X Y 201803220726A  
-177.45 -30.28 41 4.15 -0.16 -3.99 0.64 1.95 -0.80 23 X Y 201803310631A  
-177.51 -30.17 40 6.34 -0.66 -5.68 0.51 3.65 -2.35 23 X Y 201804040049A  
-178.74 -34.50 24 4.16 -1.20 -2.95 0.71 2.12 -1.07 23 X Y 201804110837A  
-175.94 -30.02 13 -4.55 2.68 1.87 0.84 -0.79 1.58 23 X Y 201804201930A  
-179.18 -33.91 41 0.73 0.00 -0.73 0.02 0.36 -0.25 25 X Y 201805161722A  
-178.40 -31.87 53 0.81 0.06 -0.87 0.10 0.17 -0.33 24 X Y 201805171824A  
-179.88 -31.83 297 1.66 0.27 -1.93 -4.38 2.11 1.75 24 X Y 201805172143A  
-178.21 -34.67 14 -1.37 -0.30 1.67 -0.32 -0.14 0.14 25 X Y 201805180145A  
-177.41 -30.21 42 1.10 -0.23 -0.87 0.03 0.46 -0.11 24 X Y 201805180247A  
-179.38 -30.91 263 -0.39 -0.57 0.97 -0.37 0.15 0.21 24 X Y 201805180451A  
-178.85 -30.44 227 1.27 -0.29 -0.98 -0.61 1.74 -0.28 24 X Y 201805220943A  
-179.40 -33.09 23 0.86 -2.61 1.75 -0.17 -0.88 2.46 24 X Y 201806010452A  
-177.92 -32.83 17 0.66 -0.04 -0.61 0.07 0.86 -0.16 24 X Y 201806160632A  
-178.61 -31.11 122 -1.16 -1.53 2.69 0.54 4.91 0.31 23 X Y 201806192350A  
-179.80 -32.59 252 0.98 0.78 -1.76 -5.91 2.19 5.36 23 X Y 201806211454A  
-177.79 -30.64 46 1.30 -0.03 -1.27 0.08 0.61 -0.38 25 X Y 201807072133A  
-177.92 -30.74 45 4.57 0.13 -4.70 2.94 3.15 -0.61 23 X Y 201807161403A  
-177.26 -30.03 32 3.33 -0.07 -3.26 0.53 2.72 -1.01 24 X Y 201807280928A  
-178.68 -34.92 58 0.85 -0.58 -0.27 0.11 -0.73 -0.90 24 X Y 201808021301A  
-179.16 -31.92 117 -1.13 -1.49 2.62 -2.04 -1.30 0.43 26 X Y 201809100418A  
-178.71 -34.76 27 3.08 0.18 -3.26 0.30 2.18 -0.37 23 X Y 201809120156A  
-178.94 -34.89 21 5.25 -0.11 -5.14 0.66 5.42 -1.49 23 X Y 201809130627A  
-178.94 -34.87 20 0.93 -0.11 -0.82 0.31 1.02 -0.30 24 X Y 201809131734A  
-177.62 -30.07 83 0.77 -2.10 1.33 -6.13 1.78 -3.74 23 X Y 201809180924A  
-178.98 -33.10 47 -2.80 -1.03 3.84 1.34 0.56 0.18 23 X Y 201809251941A  
-179.31 -39.13 18 -1.00 -1.36 2.36 0.40 1.54 5.53 23 X Y 201811032003A  
-176.67 -30.37 28 3.00 -0.60 -2.40 0.17 2.69 -0.76 23 X Y 201812150942A  
