-177.62 -30.25 38 5.57 0.75 -6.32 1.37 4.12 -1.52 24 X Y 011600C        
-179.19 -30.13 16 -6.70 1.68 5.02 -1.99 -3.86 0.40 23 X Y 031100B        
-179.08 -30.11 36 -6.85 0.53 6.32 0.35 -5.13 8.22 23 X Y 031600F        
-178.55 -31.94 51 5.59 0.19 -5.78 0.70 1.70 -1.71 23 X Y 042000A        
-178.29 -33.53 15 1.23 0.19 -1.42 0.55 1.53 -0.44 24 X Y 042600G        
-179.98 -31.07 394 -2.34 -0.87 3.21 -0.98 0.52 0.56 24 X Y 050800G        
-178.35 -30.76 138 -0.67 0.39 0.28 -0.31 1.20 -0.50 24 X Y 061100A        
-179.95 -31.42 367 -4.00 -2.83 6.83 -3.36 -5.71 -1.86 25 X Y 081500C        
-177.83 -30.14 54 -0.63 0.09 0.54 0.62 2.10 0.09 24 X Y 091600C        
-177.94 -30.78 38 6.10 -1.43 -4.67 0.37 -0.59 -0.15 23 X Y 100900B        
-177.97 -30.61 52 1.10 0.04 -1.14 0.40 0.13 -0.46 24 X Y 101700A        
-177.48 -30.49 57 2.66 0.51 -3.17 -4.09 0.17 -0.46 23 X Y 120100H        
-179.70 -34.84 28 1.52 0.28 -1.81 0.40 2.47 -0.91 24 X Y 122600C        
-177.68 -30.19 44 0.97 0.22 -1.19 0.03 0.35 -0.40 24 X Y 012401D        
-177.90 -30.69 50 1.92 -0.01 -1.92 0.15 0.61 -0.58 24 X Y 022301D        
-178.79 -34.93 15 1.77 0.12 -1.88 0.92 2.11 -0.74 24 X Y 031201A        
-177.53 -30.39 30 5.19 0.48 -5.67 -0.83 3.18 0.75 23 X Y 043001B        
-177.61 -30.21 28 3.81 1.60 -5.41 -2.44 5.52 0.16 23 X Y 072001F        
-177.64 -30.39 32 1.83 0.11 -1.94 0.71 1.86 -0.46 24 X Y 080901B        
-178.95 -34.76 22 0.88 0.35 -1.23 0.49 1.07 -0.58 24 X Y 081401A        
-179.08 -36.70 59 4.66 -1.75 -2.91 0.64 -1.67 -2.62 26 X Y 082101B        
-179.34 -36.91 15 -7.93 1.09 6.84 0.10 5.77 2.60 23 X Y 082201E        
-179.11 -37.63 15 -0.99 -3.06 4.04 0.54 3.15 2.67 23 X Y 082201F        
-179.23 -36.52 15 -1.12 0.19 0.93 0.25 0.80 0.42 24 X Y 082401D        
-179.13 -36.53 15 -4.55 0.54 4.01 -0.89 -0.37 1.93 24 X Y 082401H        
-178.98 -36.53 17 -4.74 1.34 3.41 0.72 4.40 0.84 23 X Y 082701F        
-178.85 -36.62 15 -3.00 -0.23 3.22 0.98 4.41 0.84 23 X Y 082901C        
-179.57 -37.33 15 -1.81 -0.74 2.56 -0.64 -2.59 2.33 23 X Y 092201C        
-179.88 -36.92 15 -8.38 1.14 7.24 -1.93 -2.90 5.05 23 X Y 102201A        
-179.86 -36.79 20 -4.43 1.04 3.39 1.67 7.43 6.88 23 X Y 110101D        
-177.54 -31.41 15 0.65 3.46 -4.11 -3.59 -3.11 -2.77 23 X Y 110901E        
-176.32 -31.08 32 3.60 -3.42 -0.18 -2.51 -4.13 -2.65 24 X Y 112201A        
-178.13 -32.95 15 2.17 0.18 -2.35 1.43 3.73 -0.58 24 X Y 112701A        
-178.06 -33.08 15 1.02 -0.06 -0.95 0.16 1.15 -0.15 24 X Y 112701C        
-178.37 -32.36 15 3.18 1.21 -4.39 3.38 5.00 -0.55 23 X Y 112801A        
-178.48 -33.18 15 0.13 0.68 -0.81 2.69 9.18 -1.84 23 X Y 113001D        
-177.80 -33.02 15 1.11 0.12 -1.23 0.62 1.37 -0.34 24 X Y 113001F        
-177.71 -32.96 15 6.41 2.33 -8.73 4.46 8.71 -3.06 23 X Y 113001G        
-177.71 -32.99 15 4.39 1.34 -5.73 2.61 4.82 -1.91 23 X Y 113001I        
-177.99 -30.29 46 5.43 -2.99 -2.44 1.68 2.37 2.69 23 X Y 122501A        
-177.61 -30.10 39 5.01 0.53 -5.55 1.18 3.92 -1.43 24 X Y 122501C        
-177.16 -30.29 40 3.33 -1.71 -1.62 1.44 3.16 -0.93 23 X Y 122601B        
-178.96 -33.16 24 1.19 0.24 -1.43 -0.05 1.00 -0.21 24 X Y 030102C        
-179.16 -33.18 49 2.50 0.11 -2.61 0.32 1.70 -0.86 24 X Y 031702I        
-179.09 -36.73 15 -2.07 0.91 1.16 0.90 1.94 1.45 24 X Y 031702J        
-179.41 -36.92 15 -1.11 -0.25 1.35 0.24 0.92 1.36 24 X Y 031702K        
-176.94 -30.66 15 2.28 0.10 -2.37 0.57 1.81 -0.49 24 X Y 081302G        
-177.98 -31.19 39 5.54 1.80 -7.34 0.63 4.56 -1.83 23 X Y 081802D        
-179.56 -30.69 364 -2.82 0.66 2.16 -4.89 -1.50 1.16 24 X Y 102302F        
-178.49 -34.33 15 2.90 -2.15 -0.75 -1.81 3.47 -0.92 23 X Y 102802B        
-179.24 -35.19 15 4.11 0.30 -4.41 1.44 5.17 -2.26 24 X Y 120102A        
-179.51 -34.87 15 0.47 -0.53 0.06 0.08 1.36 -0.28 24 X Y 021603A        
-179.00 -34.53 28 4.62 0.66 -5.28 2.18 5.30 -2.38 23 X Y 021603D        
-178.49 -34.74 63 0.95 -0.47 -0.48 0.20 -0.03 -0.54 24 X Y 030203A        
-178.90 -33.28 15 2.18 -0.17 -2.01 3.26 8.57 -1.89 23 X Y 030903B        
-178.80 -31.60 108 2.14 -4.47 2.33 -1.57 5.68 -3.39 23 X Y 050103D        
-177.73 -30.65 41 0.92 0.03 -0.95 0.11 0.67 -0.30 26 X Y 050403A        
-177.78 -30.56 47 3.59 0.12 -3.71 0.37 2.53 -1.02 25 X Y 050403D        
-177.47 -30.25 26 3.53 0.41 -3.93 1.87 4.33 -1.68 23 X Y 051003F        
-179.32 -33.03 121 0.21 -0.68 0.47 -0.59 1.04 -1.79 24 X Y 052703C        
-179.68 -33.57 15 0.20 -0.08 -0.13 -0.19 0.96 -0.03 24 X Y 060303B        
-178.56 -30.82 128 -1.27 0.74 0.53 -1.68 -3.60 1.03 24 X Y 060503C        
-178.19 -30.14 87 0.07 0.57 -0.64 -0.18 0.27 -0.52 24 X Y 080303A        
-178.86 -32.76 44 1.23 0.06 -1.29 0.22 0.93 -0.49 24 X Y 081903A        
-178.85 -32.83 43 1.74 0.24 -1.98 0.43 1.14 -0.48 24 X Y 082603C        
-179.34 -30.91 15 -0.47 -0.55 1.01 0.65 2.44 4.21 23 X Y 082903I        
-177.87 -30.69 40 5.72 0.39 -6.10 -1.57 -1.52 -0.71 23 X Y 083003C        
-176.68 -30.34 15 3.24 -0.76 -2.48 0.46 3.84 -0.61 23 X Y 092903J        
-176.88 -30.43 15 1.83 0.00 -1.83 1.11 3.64 -0.60 25 X Y 093003H        
-176.76 -30.54 15 0.56 -0.01 -0.56 0.41 0.67 -0.22 25 X Y 093003J        
-176.86 -30.26 15 1.59 0.08 -1.67 0.76 2.38 -0.59 24 X Y 093003M        
-176.38 -30.71 15 0.83 -0.19 -0.64 0.16 0.58 -0.38 24 X Y 100203A        
-176.41 -30.51 15 0.94 -0.25 -0.69 0.27 0.44 -0.22 24 X Y 100203B        
-177.13 -30.52 15 1.84 -0.33 -1.52 -0.42 8.73 -2.59 23 X Y 100303B        
-179.06 -30.53 15 -0.06 0.34 -0.27 0.17 -0.05 1.07 25 X Y 111103A        
-179.14 -30.45 15 -0.01 0.09 -0.08 0.22 -0.20 1.40 25 X Y 111103B        
-179.44 -30.85 15 0.12 -3.31 3.20 0.37 1.23 3.81 23 X Y 111503D        
-177.98 -34.85 38 0.06 -4.41 4.35 2.28 0.22 -5.06 24 X Y 122503B        
-177.10 -30.05 35 0.70 -0.10 -0.60 0.05 0.46 -0.20 24 X Y 010404B        
-178.55 -32.04 49 0.63 0.12 -0.75 -0.14 0.61 0.09 24 X Y 011804C        
-178.27 -34.65 29 -2.81 -1.52 4.33 0.81 -1.33 2.24 23 X Y 012304H        
-177.57 -30.26 44 3.33 -0.34 -2.99 0.37 1.34 -0.92 23 X Y 020104F        
-177.49 -30.25 51 4.35 0.75 -5.09 0.27 1.83 -0.92 23 X Y 022704E        
-177.89 -32.42 23 2.91 -0.15 -2.77 0.14 1.89 -0.82 23 X Y 030404A        
-178.01 -32.40 19 1.42 -0.04 -1.38 0.19 1.64 -0.43 24 X Y 030404B        
-177.82 -32.39 15 1.01 0.05 -1.05 0.41 2.08 -0.33 24 X Y 030704A        
-177.67 -32.50 12 2.93 -0.12 -2.81 0.78 4.24 -1.30 24 X Y 030704D        
-177.39 -32.45 25 0.96 -0.07 -0.89 0.20 1.04 -0.18 24 X Y 030704G        
-177.73 -32.41 15 1.33 -0.01 -1.31 0.50 3.40 -0.37 24 X Y 030704I        
-177.71 -32.54 17 3.49 -0.32 -3.17 -0.52 4.75 -1.07 23 X Y 030804A        
-177.62 -32.20 15 3.57 0.12 -3.69 0.55 5.07 -1.24 24 X Y 030904E        
-177.62 -32.06 16 1.36 -0.06 -1.31 0.75 2.01 -0.44 25 X Y 030904G        
-177.69 -32.47 36 2.73 1.62 -4.36 0.65 1.61 -1.01 23 X Y 031004A        
-177.60 -32.48 13 2.88 -0.11 -2.76 0.17 2.60 -1.06 24 X Y 031004C        
-177.50 -32.54 12 1.04 0.03 -1.07 0.14 1.19 -0.41 24 X Y 031004E        
-177.67 -32.01 14 0.87 -0.03 -0.84 0.20 0.97 -0.37 24 X Y 031104A        
-177.62 -32.09 18 0.76 -0.11 -0.65 0.11 0.99 -0.25 24 X Y 031104B        
-177.97 -32.42 16 1.76 -0.04 -1.72 0.42 2.26 -0.53 24 X Y 031404B        
-177.50 -32.02 16 1.77 0.21 -1.99 -1.41 4.68 -1.14 23 X Y 031604A        
-177.72 -31.90 17 3.17 0.00 -3.18 -0.38 5.58 -1.32 23 X Y 031704G        
-177.77 -30.36 34 -0.05 -0.02 0.07 0.16 -1.72 0.72 24 X Y 031704H        
-177.16 -30.01 17 0.95 -0.13 -0.82 -0.06 1.22 -0.35 24 X Y 051304F        
-177.55 -32.26 12 0.79 -0.03 -0.76 0.17 1.10 -0.28 24 X Y 052104C        
-177.86 -32.44 15 2.21 -0.02 -2.20 0.68 4.22 -0.66 24 X Y 052404B        
-177.90 -32.49 16 -5.36 -0.25 5.60 2.54 -4.53 -0.59 23 X Y 052604D        
-176.67 -30.90 12 -5.39 -2.20 7.58 -1.06 -1.23 0.72 24 X Y 053004H        
-178.86 -32.78 50 1.40 -0.07 -1.33 0.12 0.65 -0.53 25 X Y 060204B        
-177.46 -30.45 38 4.43 0.14 -4.57 0.67 3.16 -1.58 24 X Y 060204F        
-178.47 -30.22 129 0.41 0.45 -0.86 -0.42 -2.29 0.88 24 X Y 061004L        
-179.09 -33.89 45 1.05 0.04 -1.09 0.09 0.40 -0.36 24 X Y 062804F        
-179.13 -33.88 48 4.50 -0.63 -3.86 1.50 2.09 -1.85 23 X Y 062904A        
-179.52 -33.20 87 0.49 -4.04 3.56 -4.82 -3.73 3.70 23 X Y 070804E        
-179.51 -32.16 12 -0.87 0.25 0.62 0.01 -0.17 0.39 24 X Y 072004E        
-179.59 -32.23 12 -4.50 1.13 3.37 0.13 1.05 2.45 23 X Y 072204A        
-178.05 -32.88 19 5.13 -0.43 -4.70 0.11 5.66 -1.97 23 X Y 072304B        
-179.15 -33.74 56 5.23 0.01 -5.25 0.38 1.50 -3.08 23 X Y 072804I        
-179.01 -33.65 39 -4.63 -0.45 5.08 -0.14 -2.22 1.55 23 X Y 082104A        
-179.47 -32.55 129 -1.67 -0.97 2.64 -1.48 -0.38 -0.15 24 X Y 091904B        
-178.09 -32.63 20 2.34 0.08 -2.42 -0.33 2.43 -1.19 23 X Y 110104A        
-178.06 -32.79 18 4.48 -0.03 -4.45 0.43 6.08 -1.09 23 X Y 110104B        
-178.10 -32.77 18 5.30 -0.50 -4.81 0.33 5.84 -1.54 23 X Y 110104C        
-178.95 -31.13 24 0.26 -0.61 0.35 0.16 -0.79 2.99 24 X Y 110204G        
-177.43 -30.13 44 5.70 0.43 -6.13 -0.02 3.55 -2.37 23 X Y 111704C        
-177.77 -32.28 14 3.63 0.16 -3.79 1.01 5.06 -1.58 23 X Y 111804B        
-177.51 -30.56 31 0.70 -0.03 -0.67 0.14 0.50 -0.22 24 X Y 200501070527A  
-178.51 -32.73 12 0.22 -0.01 -0.21 0.59 1.48 -0.02 24 X Y 200501201358A  
-177.76 -31.04 37 0.76 0.01 -0.78 0.09 0.53 -0.27 24 X Y 200501202020A  
-178.44 -32.68 24 1.04 -0.16 -0.88 0.85 1.23 -0.49 24 X Y 200501212048A  
-177.51 -31.67 14 1.53 -0.05 -1.48 0.22 1.57 -0.41 24 X Y 200501221127A  
-177.34 -31.43 23 2.69 -0.46 -2.23 -1.09 1.95 -0.87 23 X Y 200501221230A  
-177.50 -33.91 15 -2.21 -1.21 3.42 1.02 -1.83 2.08 23 X Y 200502170620A  
-177.30 -30.45 26 0.71 -0.03 -0.68 0.05 0.65 -0.25 24 X Y 200502280829A  
-178.77 -32.96 46 1.10 -0.18 -0.92 0.15 0.41 -0.51 24 X Y 200503031154A  
-178.78 -32.78 46 6.17 -0.34 -5.83 -0.02 3.32 -1.58 25 X Y 200505160354A  
-178.58 -32.73 46 1.35 -0.13 -1.22 0.15 0.57 -0.35 24 X Y 200505160959A  
-177.67 -30.07 40 0.69 0.02 -0.71 0.09 0.40 -0.23 25 X Y 200505292144A  
-178.62 -32.77 51 4.44 0.07 -4.51 0.60 1.24 -1.93 23 X Y 200506011356A  
-178.68 -32.87 49 0.77 0.01 -0.78 0.07 0.31 -0.21 24 X Y 200506011711A  
-179.71 -36.07 26 3.31 -0.47 -2.84 0.86 3.87 -1.96 23 X Y 200507131023A  
-177.67 -30.04 61 1.03 0.08 -1.10 -0.08 0.51 -0.24 25 X Y 200507230851A  
-177.55 -33.05 86 -2.70 4.02 -1.33 0.70 2.42 -1.91 23 X Y 200507231218A  
-177.59 -30.09 56 0.76 0.11 -0.88 0.11 0.29 -0.17 24 X Y 200508170940A  
-176.94 -30.68 21 2.61 -0.40 -2.21 0.18 2.49 -0.44 23 X Y 200510251915A  
-178.00 -33.00 32 3.98 -1.14 -2.84 -0.06 1.04 -1.60 23 X Y 200510270725A  
-178.08 -33.09 26 4.69 -0.48 -4.21 0.51 4.48 -0.74 23 X Y 200510272104A  
-177.57 -30.12 45 3.72 0.38 -4.09 0.32 2.41 -0.59 24 X Y 200511020309A  
-178.04 -34.68 12 -0.98 -0.00 0.98 -0.11 0.47 0.19 24 X Y 200511051528A  
-177.60 -30.55 52 5.50 0.23 -5.73 -0.99 2.45 -1.20 23 X Y 200511090022A  
-178.54 -32.32 54 6.79 -0.22 -6.58 -0.28 2.29 -2.22 23 X Y 200511120616A  
-179.57 -31.46 230 -0.94 0.04 0.90 -0.25 -0.24 0.27 24 X Y 200511130234A  
-177.79 -30.06 48 5.88 1.49 -7.37 0.20 -1.16 0.92 23 X Y 200511191809A  
-178.71 -32.84 63 6.33 -0.69 -5.64 -1.22 1.73 -0.56 23 X Y 200511250548A  
-178.68 -32.79 42 0.88 -0.34 -0.54 -0.36 0.37 0.50 24 X Y 200512161935A  
-177.36 -30.46 32 2.28 -0.13 -2.15 0.41 2.00 -0.81 24 X Y 200601260116A  
-177.19 -30.59 34 2.99 -0.49 -2.50 0.48 1.94 -0.96 23 X Y 200601260632A  
-177.46 -30.24 44 5.31 -0.42 -4.89 0.48 2.31 -1.72 23 X Y 200603230325A  
-176.43 -30.01 35 1.92 -0.16 -1.76 -0.32 -0.12 0.19 24 X Y 200603311543A  
-178.91 -31.41 151 1.07 -0.50 -0.57 -0.31 1.46 0.37 27 X Y 200605161039A  
-179.47 -37.67 24 -2.74 3.47 -0.73 -0.01 1.80 2.46 23 X Y 200606142033A  
-179.18 -31.39 168 -2.14 -0.94 3.08 -1.07 -3.68 0.50 23 X Y 200607041352A  
-179.16 -30.54 258 -0.59 -0.12 0.71 -0.32 -0.05 0.43 24 X Y 200607150857A  
-179.41 -33.19 17 -0.87 -0.03 0.90 0.37 0.09 0.29 24 X Y 200608091721A  
-179.17 -33.76 12 -0.64 -0.07 0.70 -2.11 -6.84 0.42 23 X Y 200608151444A  
-178.17 -32.86 33 3.17 0.25 -3.42 0.58 2.78 -1.22 23 X Y 200609010437A  
-178.25 -32.73 28 0.56 -0.03 -0.53 0.23 0.58 -0.28 24 X Y 200609010634A  
-179.06 -33.35 57 0.87 -0.03 -0.84 0.01 0.18 -0.30 24 X Y 200609130143A  
-178.60 -34.42 27 3.89 -0.73 -3.16 0.56 4.13 -2.17 23 X Y 200610020434A  
-178.31 -31.85 57 2.88 0.81 -3.69 -0.02 0.53 -1.55 23 X Y 200610310313A  
-178.13 -34.03 12 0.88 -0.06 -0.82 0.25 1.22 -0.26 24 X Y 200611261736A  
-177.18 -32.06 12 -1.01 -0.13 1.13 0.07 -0.22 0.12 24 X Y 200702151023A  
-177.15 -32.09 12 -1.43 -0.24 1.67 -0.09 -0.55 0.24 24 X Y 200702151027A  
-177.35 -30.07 40 3.76 0.50 -4.25 0.69 2.08 -1.58 23 X Y 200703050110A  
-177.33 -30.21 44 3.48 0.52 -4.00 0.04 1.96 -1.24 23 X Y 200703050115A  
-177.93 -33.10 21 4.71 -0.21 -4.50 1.12 5.84 -1.81 23 X Y 200703200925A  
-178.00 -33.16 19 4.40 -0.31 -4.09 0.99 4.95 -1.42 23 X Y 200703201014A  
-178.04 -33.33 24 3.46 -0.56 -2.90 0.66 3.59 -1.18 23 X Y 200703310258A  
-178.28 -33.96 14 1.07 -0.10 -0.97 0.07 1.27 -0.41 24 X Y 200704201514A  
-178.39 -33.97 18 1.50 -0.07 -1.43 -0.07 2.08 -0.34 24 X Y 200705031356A  
-177.73 -30.62 50 0.95 0.00 -0.95 0.09 0.44 -0.28 25 X Y 200705171929A  
-178.16 -33.79 21 3.01 -0.71 -2.31 0.39 2.98 -0.86 23 X Y 200706011523A  
-178.11 -34.26 12 -3.31 -0.07 3.38 -0.10 -2.22 0.38 23 X Y 200707061558A  
-179.72 -31.01 298 -0.88 0.11 0.77 -0.17 -0.59 0.15 24 X Y 200708052038A  
-176.86 -30.43 29 2.93 0.31 -3.24 1.13 2.24 -1.32 23 X Y 200708110026A  
-178.40 -33.70 12 1.11 0.14 -1.25 0.11 1.38 -0.42 24 X Y 200708191330A  
-177.48 -31.60 33 0.69 -0.68 -0.01 -0.05 0.55 1.07 24 X Y 200708191644A  
-179.04 -33.25 58 1.28 0.04 -1.32 -0.03 0.40 -0.49 24 X Y 200709040941A  
-179.85 -30.69 421 -0.64 -1.36 1.99 -1.10 -0.91 -0.11 25 X Y 200709250515A  
-177.86 -33.05 17 0.57 -0.04 -0.53 0.27 0.80 -0.14 24 X Y 200710121443A  
-177.84 -33.03 12 0.85 0.07 -0.92 0.14 1.35 -0.30 24 X Y 200710160841A  
-175.76 -31.56 21 -3.37 -1.53 4.90 -1.17 -0.58 0.58 23 X Y 200710290016A  
-177.87 -33.05 12 -0.78 -0.02 0.80 0.21 0.02 0.20 24 X Y 200710312206A  
-179.17 -33.71 43 -3.22 0.21 3.01 0.76 2.42 0.07 23 X Y 200711070909A  
-178.95 -33.04 55 0.84 -0.00 -0.84 0.02 0.33 -0.30 24 X Y 200711210809A  
-177.54 -31.93 28 2.76 -0.21 -2.55 -0.19 2.97 -0.64 23 X Y 200711281341A  
-177.55 -30.27 39 0.83 -0.09 -0.74 0.09 0.49 -0.26 24 X Y 200801071916A  
-178.56 -34.47 17 1.14 -0.06 -1.08 0.18 1.66 -0.30 24 X Y 200802270454A  
-178.90 -34.85 20 5.45 -0.95 -4.50 1.75 5.80 -1.68 23 X Y 200802270527A  
-178.80 -34.67 32 2.62 -0.32 -2.30 0.61 2.35 -1.76 23 X Y 200802271544A  
-179.14 -35.23 25 0.55 -0.08 -0.47 0.20 0.65 -0.25 24 X Y 200803012154A  
-179.07 -35.19 19 1.84 -0.34 -1.51 0.74 2.39 -0.96 24 X Y 200803012306A  
-177.75 -32.43 20 0.91 -0.06 -0.85 0.25 1.12 -0.20 24 X Y 200805161106A  
-177.21 -30.56 31 5.00 -0.67 -4.33 0.46 2.71 -1.60 23 X Y 200805191924A  
-178.27 -33.63 21 2.73 -0.38 -2.35 0.44 2.64 -0.69 23 X Y 200806051853A  
-178.37 -31.64 59 6.73 -0.17 -6.56 0.01 1.76 -1.79 23 X Y 200806111430A  
-178.24 -30.93 108 -0.25 -0.91 1.16 -0.59 1.89 0.65 24 X Y 200807161709A  
-178.27 -33.08 21 2.83 0.69 -3.52 0.21 2.67 -1.23 23 X Y 200808020310A  
-179.21 -33.30 63 -0.29 0.09 0.20 0.17 1.18 -0.08 24 X Y 200808240523A  
-177.19 -31.71 12 4.41 0.02 -4.43 0.92 4.77 -1.08 24 X Y 200809041609A  
-179.92 -31.35 351 -0.44 -0.09 0.54 -0.90 -0.39 0.38 24 X Y 200809211850A  
-177.81 -30.87 86 -0.23 -0.92 1.15 -0.15 1.39 0.43 24 X Y 200810021303A  
-176.70 -30.03 18 0.79 -0.04 -0.74 0.18 0.78 -0.18 24 X Y 200810041450A  
-176.70 -30.00 14 1.27 -0.05 -1.22 0.33 1.28 -0.38 25 X Y 200810050912A  
-177.18 -31.15 13 0.57 0.02 -0.59 0.04 0.60 -0.17 24 X Y 200810051409A  
-176.86 -31.91 26 -3.18 0.03 3.15 0.57 -0.24 0.91 23 X Y 200810220352A  
-179.21 -31.61 151 -2.75 -2.07 4.82 -2.99 1.03 2.53 23 X Y 200811100952A  
-177.38 -30.07 42 2.81 -0.07 -2.74 0.55 1.71 -0.54 24 X Y 200811250136A  
-176.54 -31.03 19 -1.29 -0.23 1.52 -0.19 -0.35 0.08 26 X Y 200812090624A  
-176.25 -30.89 12 -2.31 0.21 2.10 1.22 -2.53 1.06 23 X Y 200812121155A  
-176.54 -31.07 12 -3.72 2.21 1.51 0.87 0.28 1.21 23 X Y 200812121558A  
-177.37 -31.07 19 2.46 0.25 -2.71 -0.34 2.85 -0.84 23 X Y 200812200610A  
178.99 -34.14 15 -1.28 -4.99 6.28 0.92 -0.60 1.06 24 X Y 030400B        
164.01 -49.13 15 1.01 0.82 -1.83 1.67 0.01 0.34 24 X Y 030700B        
175.47 -40.93 46 -3.26 1.67 1.59 4.68 5.72 2.61 23 X Y 032900C        
178.82 -34.89 201 2.95 -0.66 -2.30 0.73 1.66 -1.47 24 X Y 070100A        
176.09 -38.88 68 0.77 4.05 -4.82 8.24 -3.35 0.30 23 X Y 080800B        
166.70 -45.02 20 1.10 0.40 -1.49 0.43 -0.79 -0.33 25 X Y 110100B        
167.23 -45.01 15 7.76 -2.62 -5.14 -3.95 -9.48 -4.65 23 X Y 111200C        
178.90 -38.03 46 -6.23 -0.57 6.80 4.03 6.48 3.83 23 X Y 123100D        
180.00 -31.09 361 -6.12 1.10 5.03 -3.49 -1.12 3.39 23 X Y 032701B        
175.40 -38.41 248 0.50 0.78 -1.28 0.78 -0.55 -0.72 24 X Y 052401E        
176.33 -40.08 27 0.88 -0.76 -0.12 6.31 9.80 0.62 23 X Y 092401A        
176.76 -39.70 17 0.49 0.14 -0.63 0.78 2.10 -0.34 24 X Y 101501B        
179.82 -37.03 15 -2.15 -1.41 3.56 -1.73 4.91 9.09 25 X Y 102101A        
168.55 -44.13 15 4.23 0.11 -4.34 0.05 -2.43 -2.50 24 X Y 120701H        
168.42 -44.10 15 0.14 0.93 -1.07 -0.09 -1.16 -0.75 24 X Y 022402C        
179.01 -40.13 24 -2.71 -0.19 2.89 -0.24 3.79 2.30 23 X Y 062502C        
176.69 -37.56 165 4.89 -0.12 -4.77 5.28 3.17 -4.90 23 X Y 081702A        
162.91 -49.74 15 0.23 1.26 -1.50 0.39 0.68 -0.45 24 X Y 101702B        
179.42 -35.62 85 2.05 -3.41 1.36 -0.50 -3.85 5.66 23 X Y 011803A        
176.13 -40.44 38 -4.96 1.74 3.22 0.84 -2.12 6.03 23 X Y 012503B        
179.29 -37.70 49 -1.13 -0.17 1.30 0.00 0.78 1.60 24 X Y 021203B        
176.07 -40.60 55 -4.87 2.92 1.95 -1.95 -3.13 2.41 23 X Y 080303D        
166.87 -45.01 32 4.99 -1.07 -3.92 -2.49 -4.64 -2.80 26 X Y 082103D        
166.46 -45.37 18 1.47 -0.09 -1.38 -0.04 -0.67 -0.81 24 X Y 082603F        
166.68 -45.14 27 1.40 -0.39 -1.01 0.78 1.11 -0.90 24 X Y 090403E        
164.26 -49.02 33 2.61 2.27 -4.87 1.35 -1.14 0.82 23 X Y 091603A        
166.73 -45.60 15 -1.61 2.45 -0.84 -1.65 0.06 0.47 24 X Y 093003L        
166.60 -45.06 15 3.00 -0.49 -2.51 -0.53 -3.10 -1.50 25 X Y 110203C        
166.15 -44.73 15 6.31 -0.50 -5.81 0.32 -0.96 -3.68 23 X Y 110203F        
179.92 -31.57 356 -3.79 -0.44 4.22 -1.16 -1.29 -0.73 24 X Y 020104B        
163.25 -49.93 12 -0.12 2.14 -2.02 0.39 -0.26 -0.16 25 X Y 070104C        
176.62 -37.93 12 -1.89 -1.75 3.64 -0.23 1.00 1.51 23 X Y 071804A        
176.58 -37.98 12 -0.70 -0.82 1.52 -0.41 0.31 0.69 24 X Y 071804B        
163.47 -49.73 19 -0.02 1.01 -0.99 0.37 -0.18 -0.20 24 X Y 080504B        
164.91 -46.36 40 5.07 -1.58 -3.49 -0.42 -1.83 -2.71 26 X Y 112204C        
179.76 -34.15 111 -1.57 2.47 -0.90 -0.49 -5.28 0.41 23 X Y 113004A        
179.71 -34.36 155 1.19 -0.67 -0.52 1.02 4.15 -0.73 24 X Y 120304C        
161.25 -49.91 27 0.11 0.87 -0.98 0.49 -0.32 -1.21 28 X Y 122304A        
176.02 -41.42 19 3.74 -0.12 -3.62 -1.41 5.31 -1.33 23 X Y 200501180836A  
176.14 -41.56 27 3.44 -0.60 -2.84 -0.21 2.40 -0.55 23 X Y 200501180926A  
175.16 -41.21 31 -0.86 0.69 0.17 -0.28 0.14 0.46 24 X Y 200501201856A  
175.79 -41.56 18 1.22 -1.10 -0.12 -0.22 3.61 -2.64 23 X Y 200501311731A  
173.66 -40.17 153 -0.44 0.73 -0.29 0.82 -0.97 -0.20 24 X Y 200503131508A  
166.62 -45.10 12 5.58 -1.94 -3.64 -3.44 -1.87 -4.01 23 X Y 200503140804A  
179.65 -35.24 49 4.61 -0.57 -4.04 0.18 3.23 -2.17 23 X Y 200503160932A  
168.81 -43.88 12 0.65 0.61 -1.27 0.76 -0.53 -0.68 24 X Y 200505021535A  
168.75 -43.93 12 0.86 2.33 -3.19 0.38 -1.76 -1.78 23 X Y 200505021540A  
179.67 -38.24 12 2.73 0.29 -3.02 2.29 4.77 -1.03 23 X Y 200505131707A  
178.82 -34.81 220 -0.65 0.01 0.64 -0.54 -0.38 -0.51 24 X Y 200506142233A  
178.58 -35.67 12 -3.03 5.35 -2.32 0.76 2.21 4.02 23 X Y 200508301734A  
179.25 -34.60 203 1.77 -0.25 -1.52 0.50 2.55 -0.94 24 X Y 200510140827A  
163.80 -49.58 15 0.78 2.63 -3.41 2.49 0.28 0.73 24 X Y 200510170712A  
164.33 -49.13 24 0.58 0.62 -1.20 0.86 -0.07 0.30 24 X Y 200511061328A  
173.42 -40.56 185 -2.18 -2.05 4.23 -0.73 -0.73 1.03 23 X Y 200602151215A  
165.69 -46.97 41 3.07 -2.54 -0.53 -3.07 -3.34 0.25 23 X Y 200604150714A  
179.70 -31.35 454 -1.39 -2.02 3.41 -2.15 -1.97 -0.46 24 X Y 200608020047A  
172.52 -41.61 93 -3.21 3.87 -0.67 3.79 -0.80 7.14 23 X Y 200608130429A  
176.68 -38.13 93 1.02 -1.13 0.11 1.97 0.59 3.05 23 X Y 200611281854A  
179.93 -31.55 428 -1.72 -0.82 2.54 -1.50 -1.39 0.17 24 X Y 200704170316A  
179.88 -32.09 300 -0.37 -0.57 0.94 -0.52 0.52 0.45 24 X Y 200708101011A  
178.50 -39.47 12 -0.76 3.45 -2.68 -1.05 1.55 -2.03 23 X Y 200709261054A  
164.10 -49.26 13 1.33 -0.02 -1.32 0.49 -0.72 -0.26 27 X Y 200709300523A  
164.01 -49.36 31 0.56 0.37 -0.93 0.55 -0.11 0.23 26 X Y 200709300947A  
163.89 -48.99 14 1.17 2.95 -4.12 -0.50 -0.62 1.23 23 X Y 200710011619A  
164.74 -47.91 17 0.11 5.13 -5.24 0.68 -1.77 0.54 23 X Y 200710020651A  
164.19 -48.53 14 3.45 0.72 -4.17 -0.01 -2.88 0.37 23 X Y 200710030143A  
164.24 -48.74 18 4.17 0.52 -4.69 2.58 -1.71 -0.12 23 X Y 200710030332A  
164.20 -48.74 12 0.68 0.13 -0.81 0.39 -0.36 -0.20 24 X Y 200710031803A  
172.82 -41.98 64 0.01 0.48 -0.50 1.36 0.28 1.08 24 X Y 200710031915A  
163.89 -49.05 12 1.41 0.24 -1.65 0.01 -0.70 -0.83 24 X Y 200710111625A  
167.24 -44.71 19 1.24 -0.15 -1.09 0.07 -1.34 -0.82 26 X Y 200710151229A  
167.25 -44.62 19 0.97 0.16 -1.13 -0.55 -0.99 -0.50 25 X Y 200710152128A  
167.21 -44.59 27 1.40 1.37 -2.77 0.73 -1.81 -1.59 23 X Y 200710161638A  
178.35 -35.51 12 -0.26 -0.83 1.09 -0.03 -0.07 0.59 24 X Y 200710270754A  
167.32 -44.94 116 5.83 -3.66 -2.17 1.48 -4.76 -3.90 23 X Y 200711291553A  
164.27 -49.22 35 0.41 0.42 -0.83 0.54 -0.09 0.24 24 X Y 200712051807A  
179.19 -34.91 183 1.26 2.15 -3.41 1.97 4.53 -1.77 23 X Y 200712061318A  
178.82 -35.15 16 -2.72 0.74 1.98 1.25 -0.25 2.98 23 X Y 200712141803A  
178.40 -38.92 30 -0.76 0.57 0.19 -0.06 0.21 0.56 26 X Y 200712200755A  
167.00 -44.88 14 1.88 -0.56 -1.31 -0.34 -1.50 -0.97 24 X Y 200801201841A  
178.42 -35.66 12 -2.29 -4.16 6.45 0.05 -0.12 3.71 23 X Y 200802190926A  
178.45 -35.66 12 -0.81 -4.49 5.30 0.10 0.53 3.86 23 X Y 200802191152A  
179.57 -32.60 360 -1.25 -0.66 1.91 -2.15 2.91 -0.29 24 X Y 200803280639B  
164.03 -49.12 12 0.38 0.23 -0.61 -0.43 -0.71 -0.21 25 X Y 200804262334A  
179.80 -33.66 154 -4.33 -0.63 4.96 -2.03 5.03 4.89 23 X Y 200805170223A  
179.95 -33.22 12 -2.25 1.59 0.65 0.90 0.13 1.37 24 X Y 200806110230A  
177.17 -37.58 13 -3.85 -0.98 4.83 1.27 3.13 6.45 23 X Y 200806122106A  
179.74 -32.75 12 -3.36 1.28 2.07 1.07 -0.20 4.35 23 X Y 200807042126A  
166.72 -45.56 112 -0.68 3.77 -3.10 0.95 -3.04 -3.62 23 X Y 200807120008A  
176.91 -39.67 26 -1.27 -0.07 1.34 0.28 -0.63 0.65 24 X Y 200808251125A  
175.88 -39.14 96 0.02 0.76 -0.78 0.26 -0.25 -0.04 24 X Y 200809010121A  
173.89 -42.47 20 3.22 -0.38 -2.85 0.06 3.03 -1.64 23 X Y 200809242240A  
173.95 -42.25 22 3.35 -0.35 -3.00 -1.52 2.63 -2.01 23 X Y 200809260723A  
179.65 -33.74 19 -1.93 1.13 0.80 1.36 0.31 3.76 23 X Y 200810200127A  
177.85 -36.87 130 0.09 -0.61 0.52 -0.18 0.43 0.42 24 X Y 200812172034A  
163.48 -49.79 12 -0.46 5.84 -5.38 0.67 -0.12 0.24 23 X Y 200812270700A 
