#2000-2009 6<M<10
-179.95 -31.42 367 -4.00 -2.83 6.83 -3.36 -5.71 -1.86 25 X Y 081500C        
-179.08 -36.70 59 4.66 -1.75 -2.91 0.64 -1.67 -2.62 26 X Y 082101B        
-177.73 -30.65 41 0.92 0.03 -0.95 0.11 0.67 -0.30 26 X Y 050403A        
-177.78 -30.56 47 3.59 0.12 -3.71 0.37 2.53 -1.02 25 X Y 050403D        
-176.88 -30.43 15 1.83 0.00 -1.83 1.11 3.64 -0.60 25 X Y 093003H        
-179.06 -30.53 15 -0.06 0.34 -0.27 0.17 -0.05 1.07 25 X Y 111103A        
-179.14 -30.45 15 -0.01 0.09 -0.08 0.22 -0.20 1.40 25 X Y 111103B        
-177.62 -32.06 16 1.36 -0.06 -1.31 0.75 2.01 -0.44 25 X Y 030904G        
-178.86 -32.78 50 1.40 -0.07 -1.33 0.12 0.65 -0.53 25 X Y 060204B        
-178.78 -32.78 46 6.17 -0.34 -5.83 -0.02 3.32 -1.58 25 X Y 200505160354A  
-177.67 -30.04 61 1.03 0.08 -1.10 -0.08 0.51 -0.24 25 X Y 200507230851A  
-178.91 -31.41 151 1.07 -0.50 -0.57 -0.31 1.46 0.37 27 X Y 200605161039A  
-177.73 -30.62 50 0.95 0.00 -0.95 0.09 0.44 -0.28 25 X Y 200705171929A  
-179.85 -30.69 421 -0.64 -1.36 1.99 -1.10 -0.91 -0.11 25 X Y 200709250515A  
-176.70 -30.00 14 1.27 -0.05 -1.22 0.33 1.28 -0.38 25 X Y 200810050912A  
-176.54 -31.03 19 -1.29 -0.23 1.52 -0.19 -0.35 0.08 26 X Y 200812090624A  
166.70 -45.02 20 1.10 0.40 -1.49 0.43 -0.79 -0.33 25 X Y 110100B        
179.82 -37.03 15 -2.15 -1.41 3.56 -1.73 4.91 9.09 25 X Y 102101A        
166.87 -45.01 32 4.99 -1.07 -3.92 -2.49 -4.64 -2.80 26 X Y 082103D        
166.60 -45.06 15 3.00 -0.49 -2.51 -0.53 -3.10 -1.50 25 X Y 110203C        
163.25 -49.93 12 -0.12 2.14 -2.02 0.39 -0.26 -0.16 25 X Y 070104C        
164.91 -46.36 40 5.07 -1.58 -3.49 -0.42 -1.83 -2.71 26 X Y 112204C        
161.25 -49.91 27 0.11 0.87 -0.98 0.49 -0.32 -1.21 28 X Y 122304A        
164.10 -49.26 13 1.33 -0.02 -1.32 0.49 -0.72 -0.26 27 X Y 200709300523A  
164.01 -49.36 31 0.56 0.37 -0.93 0.55 -0.11 0.23 26 X Y 200709300947A  
167.24 -44.71 19 1.24 -0.15 -1.09 0.07 -1.34 -0.82 26 X Y 200710151229A  
167.25 -44.62 19 0.97 0.16 -1.13 -0.55 -0.99 -0.50 25 X Y 200710152128A  
178.40 -38.92 30 -0.76 0.57 0.19 -0.06 0.21 0.56 26 X Y 200712200755A 
