#1990-1999 6<M<10
172.78 -42.41 15 0.18 6.94 -7.12 0.69 -6.60 -5.23 24 X Y 021090A        
172.74 -42.19 15 -1.01 3.22 -2.21 0.92 -2.07 -1.89 24 X Y 021090B        
176.09 -40.76 32 -1.28 0.95 0.33 0.92 1.73 1.44 25 X Y 021990A        
164.59 -47.56 15 -0.46 1.52 -1.06 0.00 0.00 0.97 24 X Y 031290A        
164.62 -47.64 15 -0.52 1.74 -1.22 0.00 0.00 1.05 24 X Y 031390E        
176.78 -36.85 210 0.21 -0.69 0.48 1.25 2.12 -0.23 24 X Y 032290A        
164.53 -47.96 15 -1.06 2.70 -1.64 0.00 0.00 -0.77 24 X Y 032490A        
176.53 -40.23 16 1.89 1.29 -3.18 -1.61 3.30 -0.54 25 X Y 051390A        
179.23 -32.16 353 -1.07 8.50 -7.43 -6.64 9.84 -5.64 24 X Y 052090C        
176.28 -40.56 32 -5.26 4.71 0.55 1.58 1.71 3.07 23 X Y 081590B        
175.62 -41.84 15 1.18 0.00 -1.18 1.39 1.48 -1.08 24 X Y 100490A        
175.35 -41.56 20 0.93 -0.24 -0.69 -0.09 1.06 -0.99 24 X Y 100690A        
171.70 -41.76 15 3.03 -0.94 -2.09 0.65 -2.20 -2.56 24 X Y 012891C        
171.86 -42.03 15 5.05 -0.28 -4.77 0.27 3.51 -3.74 24 X Y 012891D        
179.66 -31.63 370 -3.26 -0.80 4.07 -2.31 3.06 0.85 24 X Y 021291A        
171.43 -41.90 15 0.95 0.11 -1.06 0.24 0.37 -1.35 24 X Y 021591A        
163.92 -49.83 15 0.64 0.71 -1.35 -0.81 0.41 -0.08 24 X Y 022391C        
179.46 -31.07 413 -0.99 -0.09 1.08 -0.32 -0.50 0.43 24 X Y 060491A        
175.91 -39.25 49 2.55 5.00 -7.55 7.64 2.10 2.18 23 X Y 071291A        
174.94 -40.69 70 1.62 -2.14 0.51 2.04 -0.33 -0.67 24 X Y 090891C        
176.57 -36.89 283 0.57 0.04 -0.60 0.91 0.31 -1.52 24 X Y 111691A        
178.78 -36.46 83 -0.97 -0.04 1.01 -0.06 0.91 0.65 25 X Y 112091C        
167.91 -44.18 15 3.61 -2.39 -1.22 7.80 -2.01 -6.31 23 X Y 112991C        
176.29 -40.65 30 -0.72 0.50 0.22 1.27 1.62 1.05 24 X Y 030292C        
178.84 -34.87 162 -1.16 0.39 0.76 -0.36 -0.67 0.72 24 X Y 031692D        
177.19 -37.35 15 -0.81 -0.54 1.36 -1.11 0.30 2.05 24 X Y 032592B        
171.61 -43.01 15 0.65 -0.14 -0.50 -0.81 -1.54 -1.00 24 X Y 033092C        
178.53 -38.19 22 3.02 -0.80 -2.22 2.64 2.18 -2.42 24 X Y 051692D        
173.71 -41.65 75 0.62 6.58 -7.20 2.34 -1.33 4.38 24 X Y 052792I        
164.38 -49.20 42 2.74 1.51 -4.25 2.48 -0.43 1.47 23 X Y 061392E        
176.94 -37.46 15 -2.22 1.87 0.35 1.09 -0.16 1.14 25 X Y 062192G        
179.87 -33.70 161 4.75 -0.06 -4.70 3.09 5.91 -1.31 24 X Y 121492E        
176.83 -39.68 22 1.79 0.08 -1.88 1.41 3.63 -1.28 24 X Y 041193C        
166.73 -45.04 15 2.23 -0.15 -2.08 0.21 -2.21 -1.15 26 X Y 081093A        
178.06 -38.46 15 0.09 -0.11 0.02 2.88 1.51 3.28 25 X Y 081093D        
166.93 -44.34 15 1.80 1.08 -2.87 0.86 -1.09 -1.15 24 X Y 081193B        
166.61 -45.35 15 -0.78 1.15 -0.38 0.00 0.00 -6.94 23 X Y 081193G        
178.89 -35.86 110 0.29 0.49 -0.79 -1.07 -2.62 0.60 25 X Y 081393B        
178.47 -35.42 15 -1.78 2.01 -0.23 -0.47 -0.87 1.53 24 X Y 082693A        
164.19 -49.16 26 0.76 0.61 -1.37 0.92 -0.15 0.25 25 X Y 010394C        
179.37 -33.27 223 -5.92 -1.25 7.17 2.89 1.50 2.47 23 X Y 031294C        
171.47 -42.94 15 0.71 0.27 -0.98 0.39 -0.26 -1.09 26 X Y 061894B        
171.54 -43.24 15 1.05 1.51 -2.55 1.97 0.50 -6.92 24 X Y 061994D        
171.81 -43.38 15 0.47 0.37 -0.85 0.87 0.28 -1.02 24 X Y 062194A        
179.46 -33.84 16 -2.23 1.06 1.17 0.60 0.65 1.61 24 X Y 090694A        
179.13 -35.08 33 -3.00 2.14 0.86 6.77 7.74 3.53 23 X Y 100794E        
178.91 -35.38 164 0.53 0.02 -0.55 0.82 1.09 -0.47 24 X Y 120494D        
177.45 -37.09 15 -0.59 1.57 -0.98 -0.35 1.03 2.79 25 X Y 121594B        
179.82 -31.84 226 -3.34 -0.35 3.68 -1.64 -0.81 -0.20 25 X Y 122794C        
179.96 -32.93 31 -0.81 -0.67 1.48 1.16 0.33 3.90 24 X Y 122894U        
179.40 -37.61 15 -4.77 1.23 3.54 1.49 2.15 3.09 26 X Y 020595D        
179.20 -37.65 15 -2.13 0.72 1.41 1.79 1.69 1.22 24 X Y 020695B        
179.33 -37.73 15 -7.24 1.13 6.11 -2.05 -1.96 4.93 24 X Y 020695C        
179.24 -37.70 15 -4.07 0.97 3.10 1.61 4.67 2.60 24 X Y 020695D        
179.36 -37.66 15 -1.97 0.28 1.69 -1.10 0.23 1.72 24 X Y 020695F        
179.18 -37.64 15 -4.87 2.36 2.51 4.37 3.67 2.78 23 X Y 020795A        
179.31 -37.03 15 -5.87 -0.22 6.09 1.03 3.64 1.31 23 X Y 020895D        
179.16 -37.89 15 -1.93 0.39 1.54 0.87 3.80 1.14 24 X Y 020995D        
179.28 -37.86 15 -7.88 1.07 6.81 3.23 4.42 4.36 23 X Y 020995E        
179.17 -37.89 15 -5.82 1.52 4.30 0.19 -1.25 2.82 25 X Y 021095B        
179.49 -37.76 15 -7.81 2.48 5.33 8.75 9.47 4.00 23 X Y 021295B        
179.08 -37.08 21 2.40 -5.89 3.49 -0.32 5.97 -5.56 24 X Y 021395A        
179.44 -37.35 15 -9.14 3.07 6.08 -1.07 7.17 3.40 23 X Y 021595B        
178.76 -37.62 15 -4.84 4.05 0.79 3.19 3.71 2.70 23 X Y 021595E        
179.53 -37.38 15 -4.94 -0.49 5.42 3.43 -1.65 2.33 23 X Y 022795B        
174.17 -40.89 90 1.49 -3.35 1.86 -2.06 4.38 -3.23 24 X Y 032295E        
178.58 -37.08 33 4.76 -2.66 -2.10 3.06 -2.02 1.81 23 X Y 041495E        
171.80 -43.47 15 -0.20 1.93 -1.73 0.88 -0.47 -0.64 24 X Y 052995E        
174.22 -39.46 216 1.92 0.25 -2.16 4.22 -2.89 1.18 24 X Y 091995F        
171.76 -42.88 15 0.47 0.61 -1.08 0.80 0.15 -1.32 25 X Y 112495A        
172.90 -42.41 31 -2.32 8.41 -6.09 -0.87 -3.36 -1.67 23 X Y 082996A        
174.86 -38.76 216 2.62 6.83 -9.45 6.00 -7.36 -4.12 23 X Y 092596D        
179.59 -34.35 110 -0.72 0.09 0.62 -1.02 -2.46 0.28 24 X Y 110996D        
179.90 -31.18 453 -0.28 -2.31 2.59 -0.87 -1.64 -0.95 25 X Y 032197A        
177.22 -36.94 136 8.06 -8.23 0.18 2.30 6.27 3.55 23 X Y 032597B        
165.96 -47.43 33 -5.25 4.90 0.35 -1.17 -3.63 -4.40 23 X Y 052697A        
179.47 -35.10 105 -3.02 -2.88 5.90 0.85 7.60 -0.42 23 X Y 080497F        
173.34 -41.19 79 1.83 4.28 -6.11 1.40 5.19 2.04 23 X Y 112997E        
165.14 -47.48 15 3.75 0.44 -4.20 -1.80 -5.79 -0.77 24 X Y 012698E        
179.59 -33.59 27 -4.02 0.59 3.43 -0.56 0.21 4.71 23 X Y 071498A        
169.62 -43.80 15 -1.99 5.72 -3.73 2.54 -7.32 -9.80 23 X Y 102098B        
179.70 -34.27 119 0.10 1.12 -1.23 -1.67 -6.41 0.03 23 X Y 120898B 
-178.30 -31.53 15 2.46 0.45 -2.91 0.17 2.68 -1.36 24 X Y 011690A        
-178.26 -31.27 15 2.32 0.82 -3.14 0.33 0.18 -1.23 24 X Y 011690B        
-177.86 -31.53 15 2.21 0.26 -2.47 -0.63 0.76 -0.86 24 X Y 011690C        
-178.12 -31.55 15 1.30 -0.02 -1.28 -0.49 -0.55 -0.90 24 X Y 012290C        
-178.00 -31.28 143 -0.34 0.04 0.30 0.40 1.43 -0.06 24 X Y 012590A        
-177.98 -30.34 45 1.09 0.43 -1.51 0.14 0.75 -0.50 24 X Y 021190B        
-179.38 -30.71 157 3.07 -1.96 -1.11 -5.96 4.75 2.27 25 X Y 032190A        
-178.07 -32.78 15 0.93 0.08 -1.01 0.38 0.55 -0.55 24 X Y 032590B        
-178.29 -30.20 27 4.27 0.56 -4.83 -0.47 4.19 -2.01 24 X Y 041190B        
-178.38 -31.36 15 2.88 0.05 -2.93 -0.23 1.75 -0.95 24 X Y 051590E        
-178.00 -30.09 20 6.39 -0.08 -6.31 1.76 8.41 -1.53 23 X Y 071090D        
-177.45 -33.22 15 -6.42 -1.06 7.48 -0.16 2.49 3.86 24 X Y 082190A        
-178.69 -34.56 17 6.24 0.28 -6.51 -1.46 7.53 -4.35 23 X Y 082190D        
-179.15 -33.23 20 5.37 -0.56 -4.81 2.58 7.80 -3.65 23 X Y 082690C        
-179.02 -30.88 51 5.45 0.41 -5.87 -2.81 4.48 -5.65 23 X Y 090790B        
-179.28 -32.85 42 5.59 0.48 -6.07 0.60 4.50 -2.33 24 X Y 021491A        
-179.00 -33.53 15 1.22 0.22 -1.44 -0.17 0.72 -0.00 24 X Y 052291A        
-177.64 -31.21 35 8.31 -0.08 -8.23 3.54 8.63 -3.43 23 X Y 102591D        
-177.53 -30.15 46 7.86 -0.20 -7.66 0.55 4.67 -2.38 25 X Y 110191B        
-179.16 -33.58 59 -1.02 0.07 0.95 0.50 1.50 0.27 24 X Y 022092G        
-178.56 -32.08 15 6.26 0.33 -6.59 1.19 6.39 -0.99 23 X Y 032892B        
-177.38 -30.56 51 6.60 -4.28 -2.33 -0.95 4.04 5.78 23 X Y 033092A        
-177.81 -32.45 15 1.84 0.09 -1.92 0.42 2.86 -0.84 24 X Y 051592A        
-177.84 -30.53 29 3.37 0.57 -3.93 0.92 4.28 -0.81 24 X Y 052892A        
-178.43 -33.44 15 2.93 0.17 -3.10 0.89 6.24 -1.26 24 X Y 062692C        
-178.06 -32.99 15 1.61 0.16 -1.76 0.43 2.20 -0.70 24 X Y 070292B        
-179.80 -30.98 398 -0.96 -0.77 1.73 -1.14 -0.60 0.28 25 X Y 080892A        
-177.23 -30.79 15 0.94 0.00 -0.94 0.28 1.32 -0.41 24 X Y 100292B        
-179.31 -35.83 15 1.39 -0.15 -1.24 0.41 2.37 -0.98 24 X Y 101692D        
-178.01 -31.39 43 5.26 -0.04 -5.22 0.80 6.01 -1.49 23 X Y 103092E        
-178.31 -32.12 15 1.58 0.07 -1.65 0.41 3.11 -0.81 24 X Y 122692G        
-177.66 -32.23 15 2.38 0.28 -2.66 0.28 2.79 -1.25 25 X Y 123192G        
-178.05 -31.93 15 0.35 -0.06 -0.29 1.86 2.31 0.16 24 X Y 010793B        
-178.14 -32.32 15 1.45 -0.14 -1.31 0.94 2.47 -0.92 24 X Y 010793C        
-177.59 -31.91 15 7.02 2.68 -9.69 8.48 4.89 -2.90 23 X Y 010793F        
-177.61 -32.21 15 1.24 0.20 -1.44 0.20 1.70 -0.55 24 X Y 010993A        
-178.12 -32.77 15 2.05 -1.16 -0.89 1.01 7.29 -0.26 24 X Y 012093C        
-178.35 -31.51 55 5.28 1.49 -6.76 1.35 3.23 -0.43 23 X Y 051593J        
-179.34 -31.50 15 0.08 -1.88 1.80 0.12 -0.19 4.44 25 X Y 090793A        
-177.64 -32.39 33 -6.32 -2.49 8.82 -0.80 1.76 2.57 23 X Y 101893B        
-177.75 -30.38 49 1.29 0.17 -1.46 0.01 0.74 0.08 24 X Y 061894A        
-176.70 -33.06 33 -1.16 -3.23 4.38 4.40 0.89 0.86 23 X Y 101894B        
-177.76 -30.39 37 1.32 0.23 -1.54 0.44 1.60 -0.54 24 X Y 122594A        
-178.28 -31.96 50 3.05 0.10 -3.15 0.97 3.29 -1.78 23 X Y 012095G        
-178.72 -33.27 30 5.31 1.35 -6.66 1.86 8.57 -3.96 23 X Y 042995D        
-178.40 -31.80 15 -4.64 2.90 1.75 -3.81 4.82 1.51 23 X Y 060495A        
-178.25 -32.72 15 0.78 0.09 -0.87 0.32 1.07 -0.32 24 X Y 080295E        
-177.80 -32.77 15 7.10 1.11 -8.21 1.41 7.32 -3.39 23 X Y 080495A        
-178.51 -34.14 15 0.95 -0.03 -0.93 0.93 1.40 -0.29 24 X Y 121495C        
-177.77 -32.81 15 0.50 0.09 -0.59 0.33 1.04 -0.28 25 X Y 013096E        
-177.71 -32.72 15 2.34 0.30 -2.64 1.32 3.30 -1.08 25 X Y 013096F        
-178.37 -32.42 15 0.21 0.20 -0.41 0.51 1.22 -0.04 24 X Y 013196A        
-179.45 -32.21 15 -5.72 1.63 4.10 1.65 1.55 3.74 24 X Y 020496D        
-179.98 -32.07 25 -1.85 1.03 0.81 0.03 -0.54 0.44 24 X Y 020496E        
-177.67 -30.08 35 9.00 0.65 -9.65 4.96 9.14 -2.78 23 X Y 030996A        
-178.36 -35.17 15 -4.30 -0.60 4.90 -0.62 1.68 2.23 24 X Y 032296G        
-179.40 -32.63 90 1.66 -1.99 0.33 -1.74 -4.10 -1.20 24 X Y 050996A        
-177.87 -30.56 62 5.45 -1.32 -4.13 1.78 3.35 -0.90 23 X Y 082496B        
-178.58 -31.85 35 0.59 0.79 -1.38 0.80 1.12 -0.26 24 X Y 090796F        
-179.73 -30.95 367 -1.14 -0.24 1.38 -0.67 0.33 0.34 26 X Y 110596B        
-178.77 -32.49 47 1.33 0.01 -1.35 0.23 0.80 -0.56 25 X Y 111196A        
-178.06 -30.47 48 6.01 0.56 -6.57 4.51 3.64 -0.85 23 X Y 111796J        
-179.40 -30.46 370 -0.85 -0.76 1.61 -0.99 -0.66 -0.26 25 X Y 120196B        
-178.71 -34.49 15 5.89 0.82 -6.71 3.24 6.78 -3.15 23 X Y 123196A        
-177.62 -30.75 42 0.71 0.07 -0.78 0.25 1.04 -0.20 24 X Y 030797D        
-177.19 -31.12 15 0.73 0.05 -0.78 0.17 1.20 -0.23 25 X Y 031197B        
-178.86 -32.58 35 5.73 0.94 -6.68 -0.83 5.60 -2.80 23 X Y 040197B        
-179.15 -33.24 45 1.05 0.34 -1.40 0.11 0.77 -0.28 24 X Y 041397C        
-179.06 -31.70 119 -0.91 -1.35 2.26 -1.57 -1.12 0.50 26 X Y 050397C        
-178.19 -31.38 38 4.04 -0.09 -3.94 -2.73 4.84 -0.89 23 X Y 051197A        
-176.94 -30.31 15 1.55 0.37 -1.92 0.30 1.86 -0.44 24 X Y 051897A        
-179.95 -32.02 345 1.86 1.41 -3.27 -2.47 2.86 -2.17 26 X Y 052597D        
-177.88 -32.96 15 2.61 1.16 -3.77 0.56 2.88 -1.75 23 X Y 061697D        
-177.74 -32.89 15 3.74 -0.46 -3.28 -0.34 1.88 -1.71 23 X Y 061797A        
-177.70 -32.85 15 5.60 2.36 -7.96 2.61 6.05 -2.57 23 X Y 061897B        
-178.02 -32.94 15 3.88 0.82 -4.70 0.71 3.39 -1.70 23 X Y 061997C        
-177.40 -32.05 39 4.00 2.01 -6.01 1.50 3.46 -2.55 23 X Y 063097A        
-177.71 -31.58 20 5.13 0.64 -5.77 1.52 3.26 -1.56 24 X Y 100797B        
-178.04 -30.81 46 5.63 0.95 -6.58 1.56 4.46 -1.83 24 X Y 102797B        
-178.70 -32.15 52 4.22 0.20 -4.42 -0.33 1.90 -2.38 23 X Y 011698A        
-177.48 -30.16 35 6.09 1.44 -7.53 2.07 5.86 -2.43 23 X Y 030798E        
-177.45 -30.20 46 5.76 0.13 -5.89 1.74 3.90 -1.87 23 X Y 030898C        
-175.30 -30.16 16 -1.01 -0.11 1.13 -0.22 0.88 0.30 24 X Y 031998D        
-178.21 -31.79 52 3.37 -0.46 -2.90 0.18 5.70 0.05 24 X Y 040298A        
-179.16 -33.65 42 -7.78 -0.79 8.57 2.75 3.40 -0.08 24 X Y 041098E        
-179.49 -31.44 178 -0.63 0.16 0.47 -0.57 -1.16 0.22 24 X Y 042698A        
-177.78 -33.28 15 -5.82 -0.87 6.68 -0.46 1.24 0.99 23 X Y 050498E        
-178.55 -31.65 67 3.54 1.01 -4.56 0.77 2.80 -1.32 23 X Y 052398D        
-178.68 -32.08 54 5.65 1.94 -7.60 2.87 4.81 -2.61 23 X Y 062098A        
-178.39 -33.60 53 0.17 -1.56 1.39 -0.16 0.09 0.76 24 X Y 070798C        
-178.71 -30.51 154 -1.29 0.39 0.90 -0.43 -2.02 0.47 26 X Y 070998D        
-179.20 -35.28 18 1.06 0.22 -1.27 0.42 1.08 -0.54 24 X Y 092098C        
-179.03 -35.00 30 1.53 0.73 -2.27 0.95 1.82 -1.05 24 X Y 092098D        
-178.98 -35.23 27 3.84 1.42 -5.26 3.34 4.70 -1.89 23 X Y 092798D        
-178.76 -34.97 19 5.67 0.69 -6.35 1.86 4.30 -1.57 23 X Y 100798E        
-177.15 -30.06 23 0.51 0.36 -0.87 1.05 1.41 -0.36 24 X Y 110898A        
-179.69 -34.29 54 2.37 0.40 -2.77 0.32 1.57 -0.78 24 X Y 111198C        
-178.86 -32.90 47 2.16 0.59 -2.74 0.25 1.37 -0.80 24 X Y 122598B 
