-177.91 -30.15 45 5.55 -0.15 -5.39 0.42 3.73 -1.97 25 X Y 061980B        
-179.51 -33.70 14 0.88 0.35 -1.23 -0.09 0.83 -0.43 25 X Y 111681C        
-178.56 -31.18 36 2.99 0.56 -3.55 -0.06 2.28 -1.11 25 X Y 032882A        
-179.21 -30.52 224 -1.79 0.05 1.73 -3.52 -0.35 -0.22 26 X Y 012683B        
-179.51 -31.06 10 -0.13 0.14 -0.02 0.19 -0.04 1.20 25 X Y 102883A        
-177.55 -30.22 18 1.45 0.09 -1.54 0.14 1.33 -0.52 25 X Y 050884A        
-177.60 -32.15 10 1.62 0.29 -1.91 0.94 2.03 -0.70 25 X Y 091784B        
-177.71 -32.22 10 0.84 0.18 -1.03 0.54 1.28 -0.38 25 X Y 092284F        
-178.40 -34.79 61 1.51 -1.06 -0.45 0.64 -0.37 -1.96 26 X Y 092685A        
-179.08 -35.08 56 6.77 -1.99 -4.78 0.56 2.11 -3.40 25 X Y 110785B        
-176.29 -30.17 15 -1.80 -0.26 2.06 -0.23 0.29 0.60 25 X Y 031486D        
-177.30 -30.86 15 1.01 0.05 -1.06 0.30 1.04 -0.53 25 X Y 061986G        
-179.94 -31.73 231 -3.93 -1.53 5.46 -2.79 0.93 1.62 25 X Y 091386B        
-178.86 -32.73 42 8.62 -0.65 -7.97 0.48 7.60 -1.85 25 X Y 021787B        
-179.93 -34.81 30 1.09 0.24 -1.33 0.19 1.19 -0.49 25 X Y 081687B        
-177.77 -31.19 23 6.81 0.30 -7.11 -0.42 4.90 -1.51 25 X Y 090787B 
164.39 -48.94 33 -0.42 2.68 -2.26 -0.00 -0.32 1.14 27 X Y 052581A        
177.32 -38.10 78 0.70 -1.02 0.32 0.35 0.98 0.24 25 X Y 030884A        
170.66 -43.95 10 -0.34 0.50 -0.17 -0.39 -1.10 -1.31 25 X Y 062484B        
177.47 -36.65 19 -0.50 0.19 0.30 -0.03 0.93 1.54 26 X Y 123084D        
164.64 -46.49 10 1.50 1.42 -2.92 -0.53 -2.06 -1.03 25 X Y 013185B        
179.84 -37.55 10 -1.76 0.50 1.27 1.26 0.30 1.42 25 X Y 050685C        
179.33 -34.51 15 -0.11 -0.08 0.20 1.55 2.65 3.99 25 X Y 082386B        
177.03 -37.82 15 -5.14 2.27 2.87 2.27 1.72 3.81 25 X Y 030287A        
167.05 -44.82 62 0.10 -0.18 0.08 -1.06 0.40 -0.47 26 X Y 060388B  
