#2010-2020 6<M<10

179.94 -32.90 205 0.10 -0.07 -0.02 -0.32 0.83 -0.69 25 X Y 201006171306A  
172.12 -43.56 12 0.38 0.01 -0.39 0.49 0.01 -3.60 26 X Y 201009031635A  
172.52 -43.60 12 1.09 0.60 -1.70 0.31 -0.27 -1.20 25 X Y 201102212351A  
172.62 -43.52 12 0.30 0.55 -0.84 0.25 -0.19 -0.75 25 X Y 201106130220A  
173.63 -40.05 230 0.37 0.88 -1.25 2.80 -2.07 0.31 25 X Y 201207031036A  
176.08 -38.31 165 1.30 0.22 -1.52 3.38 0.58 -1.45 25 X Y 201212071819A  
179.63 -33.82 200 0.76 0.05 -0.81 -0.10 0.99 -0.39 25 X Y 201306151120A  
174.17 -41.63 12 1.42 4.62 -6.05 -3.65 1.60 -1.95 25 X Y 201307210509A  
174.04 -41.76 12 1.28 5.03 -6.31 -3.18 2.83 -3.02 25 X Y 201308160231A  
175.80 -40.67 24 -1.54 0.90 0.64 1.33 2.75 0.79 25 X Y 201401200252A  
179.74 -37.51 21 -1.08 0.30 0.77 0.24 0.45 0.78 26 X Y 201411162233A  
173.07 -42.02 48 -0.18 0.74 -0.56 0.57 0.74 0.50 25 X Y 201504240336A  
164.03 -49.03 18 0.99 0.12 -1.11 0.20 -0.28 -0.16 25 X Y 201602151928A  
179.03 -37.19 28 -2.21 -0.34 2.56 2.91 3.18 1.08 26 X Y 201609011637A  
173.85 -42.03 19 3.56 1.69 -5.25 -1.14 4.34 -2.04 27 X Y 201611131102A  
173.07 -42.44 12 -0.14 3.29 -3.15 -0.42 -0.07 -3.45 25 X Y 201611140034A  
177.58 -40.79 12 0.54 -0.23 -0.31 0.57 1.00 -0.32 25 X Y 201611220019A  
163.99 -49.24 32 0.45 0.36 -0.80 0.42 -0.11 0.17 26 X Y 201707110659A  
174.94 -39.07 226 1.08 0.08 -1.16 1.39 -0.03 -0.72 25 X Y 201810300213A  
-179.83 -34.40 100 -3.04 -1.31 4.35 2.05 6.56 0.99 25 X Y 201104181303A  
-178.68 -35.18 12 -1.14 -0.15 1.29 -0.09 0.04 0.31 25 X Y 201109150753A  
-178.73 -32.49 49 1.57 -0.26 -1.31 0.40 0.72 -0.69 25 X Y 201110070858A  
-179.58 -30.46 348 -1.23 -0.81 2.04 -1.05 -0.11 0.40 25 X Y 201308120416A  
-177.99 -30.83 51 4.56 -0.21 -4.35 0.28 2.12 -1.43 25 X Y 201309300555A  
-178.43 -30.57 156 2.05 0.08 -2.13 -0.34 1.41 -0.00 25 X Y 201310112124A  
-177.69 -32.97 51 4.99 -2.08 -2.91 -1.40 -0.66 -2.87 25 X Y 201402020926A  
-177.13 -30.03 26 1.91 -0.09 -1.83 0.43 1.72 -0.52 26 X Y 201406231919A  
-177.70 -30.03 12 0.63 0.97 -1.60 3.91 5.27 -0.84 25 X Y 201406231921A  
-176.30 -30.35 49 2.90 -2.39 -0.51 -0.50 -1.82 -2.57 25 X Y 201407031950A  
-178.86 -30.33 243 -0.34 -0.44 0.79 -1.06 0.52 0.35 25 X Y 201508240941A  
-177.73 -32.83 12 1.54 -0.09 -1.45 0.37 1.71 -0.44 25 X Y 201509070913A  
-179.82 -30.81 391 -1.21 -1.04 2.25 -1.07 -1.91 -0.60 25 X Y 201602011900A  
-177.64 -30.13 49 1.30 -0.01 -1.29 0.12 0.42 -0.36 25 X Y 201606060235A  
-177.84 -30.62 50 1.09 -0.08 -1.01 0.09 0.49 -0.31 25 X Y 201706150026A  
-177.32 -30.27 29 1.42 -0.06 -1.36 0.01 1.19 -0.42 25 X Y 201706281820A  
-179.92 -30.93 409 -0.46 -0.77 1.23 -0.74 -0.65 -0.06 25 X Y 201706290703A  
-178.21 -34.67 14 -1.37 -0.30 1.67 -0.32 -0.14 0.14 25 X Y 201805180145A  
-177.79 -30.64 46 1.30 -0.03 -1.27 0.08 0.61 -0.38 25 X Y 201807072133A  
-179.16 -31.92 117 -1.13 -1.49 2.62 -2.04 -1.30 0.43 26 X Y 201809100418A  
-177.58 -31.92 12 3.47 -0.13 -3.33 0.82 3.30 -1.14 25 X Y 201903061546A  
-177.79 -30.93 48 0.97 -0.08 -0.89 0.07 0.52 -0.27 27 X Y 201906152254A  
-177.79 -31.07 35 3.20 -0.14 -3.06 0.43 2.47 -0.93 25 X Y 201906160517A  
-177.22 -30.85 15 1.32 -0.08 -1.24 0.25 1.06 -0.45 25 X Y 201906170602A  
-177.20 -31.11 14 0.77 -0.02 -0.74 0.14 0.85 -0.22 25 X Y 201906181605A  
-177.81 -30.68 49 5.84 -0.28 -5.56 0.14 2.74 -1.41 25 X Y 201906190701A  
-177.08 -30.80 12 2.39 0.02 -2.40 0.47 1.72 -0.78 25 X Y 201906210837A  
-176.82 -30.76 12 0.82 -0.04 -0.78 0.23 0.77 -0.21 25 X Y 201906241134A  
-179.22 -30.34 12 -0.43 0.44 -0.01 0.57 -0.77 3.19 25 X Y 201906271104A  
-177.71 -30.23 39 1.50 -0.59 -0.91 0.54 1.44 1.60 25 X Y 201909271205A 
