#1990-1999 6<M<10
176.09 -40.76 32 -1.28 0.95 0.33 0.92 1.73 1.44 25 X Y 021990A        
176.53 -40.23 16 1.89 1.29 -3.18 -1.61 3.30 -0.54 25 X Y 051390A        
178.78 -36.46 83 -0.97 -0.04 1.01 -0.06 0.91 0.65 25 X Y 112091C        
176.94 -37.46 15 -2.22 1.87 0.35 1.09 -0.16 1.14 25 X Y 062192G        
166.73 -45.04 15 2.23 -0.15 -2.08 0.21 -2.21 -1.15 26 X Y 081093A        
178.06 -38.46 15 0.09 -0.11 0.02 2.88 1.51 3.28 25 X Y 081093D        
178.89 -35.86 110 0.29 0.49 -0.79 -1.07 -2.62 0.60 25 X Y 081393B        
164.19 -49.16 26 0.76 0.61 -1.37 0.92 -0.15 0.25 25 X Y 010394C        
171.47 -42.94 15 0.71 0.27 -0.98 0.39 -0.26 -1.09 26 X Y 061894B        
177.45 -37.09 15 -0.59 1.57 -0.98 -0.35 1.03 2.79 25 X Y 121594B        
179.82 -31.84 226 -3.34 -0.35 3.68 -1.64 -0.81 -0.20 25 X Y 122794C        
179.40 -37.61 15 -4.77 1.23 3.54 1.49 2.15 3.09 26 X Y 020595D        
179.17 -37.89 15 -5.82 1.52 4.30 0.19 -1.25 2.82 25 X Y 021095B        
171.76 -42.88 15 0.47 0.61 -1.08 0.80 0.15 -1.32 25 X Y 112495A        
179.90 -31.18 453 -0.28 -2.31 2.59 -0.87 -1.64 -0.95 25 X Y 032197A     
-179.38 -30.71 157 3.07 -1.96 -1.11 -5.96 4.75 2.27 25 X Y 032190A        
-177.53 -30.15 46 7.86 -0.20 -7.66 0.55 4.67 -2.38 25 X Y 110191B        
-179.80 -30.98 398 -0.96 -0.77 1.73 -1.14 -0.60 0.28 25 X Y 080892A        
-177.66 -32.23 15 2.38 0.28 -2.66 0.28 2.79 -1.25 25 X Y 123192G        
-179.34 -31.50 15 0.08 -1.88 1.80 0.12 -0.19 4.44 25 X Y 090793A        
-177.77 -32.81 15 0.50 0.09 -0.59 0.33 1.04 -0.28 25 X Y 013096E        
-177.71 -32.72 15 2.34 0.30 -2.64 1.32 3.30 -1.08 25 X Y 013096F        
-179.73 -30.95 367 -1.14 -0.24 1.38 -0.67 0.33 0.34 26 X Y 110596B        
-178.77 -32.49 47 1.33 0.01 -1.35 0.23 0.80 -0.56 25 X Y 111196A        
-179.40 -30.46 370 -0.85 -0.76 1.61 -0.99 -0.66 -0.26 25 X Y 120196B        
-177.19 -31.12 15 0.73 0.05 -0.78 0.17 1.20 -0.23 25 X Y 031197B        
-179.06 -31.70 119 -0.91 -1.35 2.26 -1.57 -1.12 0.50 26 X Y 050397C        
-179.95 -32.02 345 1.86 1.41 -3.27 -2.47 2.86 -2.17 26 X Y 052597D        
-178.71 -30.51 154 -1.29 0.39 0.90 -0.43 -2.02 0.47 26 X Y 070998D 
