#data 1976-2020, 6<M<10
167.63 -44.75 15 3.03 -0.12 -2.91 -0.95 -6.94 -2.40 25 X Y 050476A        
178.81 -33.89 282 0.13 0.08 -0.21 -0.28 1.05 -0.14 25 X Y 032277A        
165.77 -46.54 20 3.64 0.40 -4.04 4.75 -7.88 0.07 26 X Y 101279A        
179.43 -32.07 455 -1.41 -0.17 1.58 -1.74 0.42 0.12 25 X Y 110879A        
164.39 -48.94 33 -0.42 2.68 -2.26 -0.00 -0.32 1.14 27 X Y 052581A        
177.32 -38.10 78 0.70 -1.02 0.32 0.35 0.98 0.24 25 X Y 030884A        
170.66 -43.95 10 -0.34 0.50 -0.17 -0.39 -1.10 -1.31 25 X Y 062484B        
177.47 -36.65 19 -0.50 0.19 0.30 -0.03 0.93 1.54 26 X Y 123084D        
164.64 -46.49 10 1.50 1.42 -2.92 -0.53 -2.06 -1.03 25 X Y 013185B        
179.84 -37.55 10 -1.76 0.50 1.27 1.26 0.30 1.42 25 X Y 050685C        
179.33 -34.51 15 -0.11 -0.08 0.20 1.55 2.65 3.99 25 X Y 082386B        
177.03 -37.82 15 -5.14 2.27 2.87 2.27 1.72 3.81 25 X Y 030287A        
167.05 -44.82 62 0.10 -0.18 0.08 -1.06 0.40 -0.47 26 X Y 060388B        
166.59 -45.20 18 1.58 2.02 -3.60 2.76 -3.30 -0.47 25 X Y 053189A        
176.09 -40.76 32 -1.28 0.95 0.33 0.92 1.73 1.44 25 X Y 021990A        
176.53 -40.23 16 1.89 1.29 -3.18 -1.61 3.30 -0.54 25 X Y 051390A        
178.78 -36.46 83 -0.97 -0.04 1.01 -0.06 0.91 0.65 25 X Y 112091C        
176.94 -37.46 15 -2.22 1.87 0.35 1.09 -0.16 1.14 25 X Y 062192G        
166.73 -45.04 15 2.23 -0.15 -2.08 0.21 -2.21 -1.15 26 X Y 081093A        
178.06 -38.46 15 0.09 -0.11 0.02 2.88 1.51 3.28 25 X Y 081093D        
178.89 -35.86 110 0.29 0.49 -0.79 -1.07 -2.62 0.60 25 X Y 081393B        
164.19 -49.16 26 0.76 0.61 -1.37 0.92 -0.15 0.25 25 X Y 010394C        
171.47 -42.94 15 0.71 0.27 -0.98 0.39 -0.26 -1.09 26 X Y 061894B        
177.45 -37.09 15 -0.59 1.57 -0.98 -0.35 1.03 2.79 25 X Y 121594B        
179.82 -31.84 226 -3.34 -0.35 3.68 -1.64 -0.81 -0.20 25 X Y 122794C        
179.40 -37.61 15 -4.77 1.23 3.54 1.49 2.15 3.09 26 X Y 020595D        
179.17 -37.89 15 -5.82 1.52 4.30 0.19 -1.25 2.82 25 X Y 021095B        
171.76 -42.88 15 0.47 0.61 -1.08 0.80 0.15 -1.32 25 X Y 112495A        
179.90 -31.18 453 -0.28 -2.31 2.59 -0.87 -1.64 -0.95 25 X Y 032197A        
166.70 -45.02 20 1.10 0.40 -1.49 0.43 -0.79 -0.33 25 X Y 110100B        
179.82 -37.03 15 -2.15 -1.41 3.56 -1.73 4.91 9.09 25 X Y 102101A        
166.87 -45.01 32 4.99 -1.07 -3.92 -2.49 -4.64 -2.80 26 X Y 082103D        
166.60 -45.06 15 3.00 -0.49 -2.51 -0.53 -3.10 -1.50 25 X Y 110203C        
163.25 -49.93 12 -0.12 2.14 -2.02 0.39 -0.26 -0.16 25 X Y 070104C        
164.91 -46.36 40 5.07 -1.58 -3.49 -0.42 -1.83 -2.71 26 X Y 112204C        
161.25 -49.91 27 0.11 0.87 -0.98 0.49 -0.32 -1.21 28 X Y 122304A        
164.10 -49.26 13 1.33 -0.02 -1.32 0.49 -0.72 -0.26 27 X Y 200709300523A  
164.01 -49.36 31 0.56 0.37 -0.93 0.55 -0.11 0.23 26 X Y 200709300947A  
167.24 -44.71 19 1.24 -0.15 -1.09 0.07 -1.34 -0.82 26 X Y 200710151229A  
167.25 -44.62 19 0.97 0.16 -1.13 -0.55 -0.99 -0.50 25 X Y 200710152128A  
178.40 -38.92 30 -0.76 0.57 0.19 -0.06 0.21 0.56 26 X Y 200712200755A  
166.26 -45.85 23 3.14 0.76 -3.90 2.59 -3.75 -0.03 27 X Y 200907150922A  
166.13 -45.48 12 1.07 -0.02 -1.05 0.02 -1.21 -0.40 25 X Y 200908050831A  
179.66 -31.47 437 -0.83 -0.87 1.70 -1.38 -0.75 0.37 25 X Y 200911222247A  
179.94 -32.90 205 0.10 -0.07 -0.02 -0.32 0.83 -0.69 25 X Y 201006171306A  
172.12 -43.56 12 0.38 0.01 -0.39 0.49 0.01 -3.60 26 X Y 201009031635A  
172.52 -43.60 12 1.09 0.60 -1.70 0.31 -0.27 -1.20 25 X Y 201102212351A  
172.62 -43.52 12 0.30 0.55 -0.84 0.25 -0.19 -0.75 25 X Y 201106130220A  
173.63 -40.05 230 0.37 0.88 -1.25 2.80 -2.07 0.31 25 X Y 201207031036A  
176.08 -38.31 165 1.30 0.22 -1.52 3.38 0.58 -1.45 25 X Y 201212071819A  
179.63 -33.82 200 0.76 0.05 -0.81 -0.10 0.99 -0.39 25 X Y 201306151120A  
174.17 -41.63 12 1.42 4.62 -6.05 -3.65 1.60 -1.95 25 X Y 201307210509A  
174.04 -41.76 12 1.28 5.03 -6.31 -3.18 2.83 -3.02 25 X Y 201308160231A  
175.80 -40.67 24 -1.54 0.90 0.64 1.33 2.75 0.79 25 X Y 201401200252A  
179.74 -37.51 21 -1.08 0.30 0.77 0.24 0.45 0.78 26 X Y 201411162233A  
173.07 -42.02 48 -0.18 0.74 -0.56 0.57 0.74 0.50 25 X Y 201504240336A  
164.03 -49.03 18 0.99 0.12 -1.11 0.20 -0.28 -0.16 25 X Y 201602151928A  
179.03 -37.19 28 -2.21 -0.34 2.56 2.91 3.18 1.08 26 X Y 201609011637A  
173.85 -42.03 19 3.56 1.69 -5.25 -1.14 4.34 -2.04 27 X Y 201611131102A  
173.07 -42.44 12 -0.14 3.29 -3.15 -0.42 -0.07 -3.45 25 X Y 201611140034A  
177.58 -40.79 12 0.54 -0.23 -0.31 0.57 1.00 -0.32 25 X Y 201611220019A  
163.99 -49.24 32 0.45 0.36 -0.80 0.42 -0.11 0.17 26 X Y 201707110659A  
174.94 -39.07 226 1.08 0.08 -1.16 1.39 -0.03 -0.72 25 X Y 201810300213A 
-176.63 -30.25 15 1.44 0.06 -1.50 0.30 1.18 -0.46 25 X Y 011576A        
-177.63 -33.63 55 2.05 -0.41 -1.64 -0.55 -0.43 -1.30 25 X Y 062976A        
-177.56 -30.26 51 4.72 0.22 -4.93 0.58 2.71 -1.43 25 X Y 073176A        
-177.32 -30.41 15 4.91 -0.43 -4.49 2.63 8.29 -2.07 25 X Y 093076A        
-179.26 -33.47 44 1.06 0.43 -1.49 0.01 0.69 -0.61 25 X Y 072277A        
-177.51 -30.13 16 1.53 0.33 -1.86 0.93 2.46 -0.33 25 X Y 011478D        
-177.43 -30.02 15 1.74 0.45 -2.19 0.38 1.58 -0.79 25 X Y 011578A        
-177.02 -30.60 23 3.38 -0.51 -2.87 1.10 1.84 -0.99 26 X Y 020978A        
-175.81 -30.17 10 3.15 -0.82 -2.33 0.33 -0.07 -1.07 25 X Y 021178A        
-177.73 -30.87 46 1.21 -0.00 -1.20 0.10 0.66 -0.42 26 X Y 081578B        
-176.91 -30.13 21 3.42 -0.19 -3.23 0.99 2.41 -0.75 25 X Y 012579B        
-177.91 -30.15 45 5.55 -0.15 -5.39 0.42 3.73 -1.97 25 X Y 061980B        
-179.51 -33.70 14 0.88 0.35 -1.23 -0.09 0.83 -0.43 25 X Y 111681C        
-178.56 -31.18 36 2.99 0.56 -3.55 -0.06 2.28 -1.11 25 X Y 032882A        
-179.21 -30.52 224 -1.79 0.05 1.73 -3.52 -0.35 -0.22 26 X Y 012683B        
-179.51 -31.06 10 -0.13 0.14 -0.02 0.19 -0.04 1.20 25 X Y 102883A        
-177.55 -30.22 18 1.45 0.09 -1.54 0.14 1.33 -0.52 25 X Y 050884A        
-177.60 -32.15 10 1.62 0.29 -1.91 0.94 2.03 -0.70 25 X Y 091784B        
-177.71 -32.22 10 0.84 0.18 -1.03 0.54 1.28 -0.38 25 X Y 092284F        
-178.40 -34.79 61 1.51 -1.06 -0.45 0.64 -0.37 -1.96 26 X Y 092685A        
-179.08 -35.08 56 6.77 -1.99 -4.78 0.56 2.11 -3.40 25 X Y 110785B        
-176.29 -30.17 15 -1.80 -0.26 2.06 -0.23 0.29 0.60 25 X Y 031486D        
-177.30 -30.86 15 1.01 0.05 -1.06 0.30 1.04 -0.53 25 X Y 061986G        
-179.94 -31.73 231 -3.93 -1.53 5.46 -2.79 0.93 1.62 25 X Y 091386B        
-178.86 -32.73 42 8.62 -0.65 -7.97 0.48 7.60 -1.85 25 X Y 021787B        
-179.93 -34.81 30 1.09 0.24 -1.33 0.19 1.19 -0.49 25 X Y 081687B        
-177.77 -31.19 23 6.81 0.30 -7.11 -0.42 4.90 -1.51 25 X Y 090787B        
-177.46 -30.13 47 1.21 -0.16 -1.05 0.09 0.74 -0.22 26 X Y 022589A        
-178.31 -34.30 63 1.45 0.23 -1.68 -0.24 0.07 -1.16 25 X Y 031789E        
-177.87 -30.84 44 2.09 -0.12 -1.97 0.11 1.33 -0.54 26 X Y 051489A        
-178.15 -30.64 49 2.26 0.20 -2.46 0.12 1.39 -0.77 25 X Y 052089A        
-179.38 -30.71 157 3.07 -1.96 -1.11 -5.96 4.75 2.27 25 X Y 032190A        
-177.53 -30.15 46 7.86 -0.20 -7.66 0.55 4.67 -2.38 25 X Y 110191B        
-179.80 -30.98 398 -0.96 -0.77 1.73 -1.14 -0.60 0.28 25 X Y 080892A        
-177.66 -32.23 15 2.38 0.28 -2.66 0.28 2.79 -1.25 25 X Y 123192G        
-179.34 -31.50 15 0.08 -1.88 1.80 0.12 -0.19 4.44 25 X Y 090793A        
-177.77 -32.81 15 0.50 0.09 -0.59 0.33 1.04 -0.28 25 X Y 013096E        
-177.71 -32.72 15 2.34 0.30 -2.64 1.32 3.30 -1.08 25 X Y 013096F        
-179.73 -30.95 367 -1.14 -0.24 1.38 -0.67 0.33 0.34 26 X Y 110596B        
-178.77 -32.49 47 1.33 0.01 -1.35 0.23 0.80 -0.56 25 X Y 111196A        
-179.40 -30.46 370 -0.85 -0.76 1.61 -0.99 -0.66 -0.26 25 X Y 120196B        
-177.19 -31.12 15 0.73 0.05 -0.78 0.17 1.20 -0.23 25 X Y 031197B        
-179.06 -31.70 119 -0.91 -1.35 2.26 -1.57 -1.12 0.50 26 X Y 050397C        
-179.95 -32.02 345 1.86 1.41 -3.27 -2.47 2.86 -2.17 26 X Y 052597D        
-178.71 -30.51 154 -1.29 0.39 0.90 -0.43 -2.02 0.47 26 X Y 070998D        
-178.79 -31.79 104 1.81 -1.78 -0.03 -2.57 4.96 0.73 25 X Y 042099D        
-177.55 -30.15 36 2.70 0.02 -2.71 0.40 1.97 -1.06 25 X Y 072899B        
-177.32 -30.34 18 4.25 -0.36 -3.89 1.12 4.73 -1.91 25 X Y 080199B        
-179.95 -31.42 367 -4.00 -2.83 6.83 -3.36 -5.71 -1.86 25 X Y 081500C        
-179.08 -36.70 59 4.66 -1.75 -2.91 0.64 -1.67 -2.62 26 X Y 082101B        
-177.73 -30.65 41 0.92 0.03 -0.95 0.11 0.67 -0.30 26 X Y 050403A        
-177.78 -30.56 47 3.59 0.12 -3.71 0.37 2.53 -1.02 25 X Y 050403D        
-176.88 -30.43 15 1.83 0.00 -1.83 1.11 3.64 -0.60 25 X Y 093003H        
-179.06 -30.53 15 -0.06 0.34 -0.27 0.17 -0.05 1.07 25 X Y 111103A        
-179.14 -30.45 15 -0.01 0.09 -0.08 0.22 -0.20 1.40 25 X Y 111103B        
-177.62 -32.06 16 1.36 -0.06 -1.31 0.75 2.01 -0.44 25 X Y 030904G        
-178.86 -32.78 50 1.40 -0.07 -1.33 0.12 0.65 -0.53 25 X Y 060204B        
-178.78 -32.78 46 6.17 -0.34 -5.83 -0.02 3.32 -1.58 25 X Y 200505160354A  
-177.67 -30.04 61 1.03 0.08 -1.10 -0.08 0.51 -0.24 25 X Y 200507230851A  
-178.91 -31.41 151 1.07 -0.50 -0.57 -0.31 1.46 0.37 27 X Y 200605161039A  
-177.73 -30.62 50 0.95 0.00 -0.95 0.09 0.44 -0.28 25 X Y 200705171929A  
-179.85 -30.69 421 -0.64 -1.36 1.99 -1.10 -0.91 -0.11 25 X Y 200709250515A  
-176.70 -30.00 14 1.27 -0.05 -1.22 0.33 1.28 -0.38 25 X Y 200810050912A  
-176.54 -31.03 19 -1.29 -0.23 1.52 -0.19 -0.35 0.08 26 X Y 200812090624A  
-177.58 -30.06 52 4.07 0.05 -4.12 0.46 1.82 -1.07 25 X Y 200901181411A  
-178.24 -30.19 152 0.09 -0.21 0.12 0.44 1.70 -0.27 25 X Y 200904260006A  
-178.12 -31.56 48 6.10 0.20 -6.31 0.53 3.08 -1.99 25 X Y 200905160053A  
-179.83 -34.40 100 -3.04 -1.31 4.35 2.05 6.56 0.99 25 X Y 201104181303A  
-178.68 -35.18 12 -1.14 -0.15 1.29 -0.09 0.04 0.31 25 X Y 201109150753A  
-178.73 -32.49 49 1.57 -0.26 -1.31 0.40 0.72 -0.69 25 X Y 201110070858A  
-179.58 -30.46 348 -1.23 -0.81 2.04 -1.05 -0.11 0.40 25 X Y 201308120416A  
-177.99 -30.83 51 4.56 -0.21 -4.35 0.28 2.12 -1.43 25 X Y 201309300555A  
-178.43 -30.57 156 2.05 0.08 -2.13 -0.34 1.41 -0.00 25 X Y 201310112124A  
-177.69 -32.97 51 4.99 -2.08 -2.91 -1.40 -0.66 -2.87 25 X Y 201402020926A  
-177.13 -30.03 26 1.91 -0.09 -1.83 0.43 1.72 -0.52 26 X Y 201406231919A  
-177.70 -30.03 12 0.63 0.97 -1.60 3.91 5.27 -0.84 25 X Y 201406231921A  
-176.30 -30.35 49 2.90 -2.39 -0.51 -0.50 -1.82 -2.57 25 X Y 201407031950A  
-178.86 -30.33 243 -0.34 -0.44 0.79 -1.06 0.52 0.35 25 X Y 201508240941A  
-177.73 -32.83 12 1.54 -0.09 -1.45 0.37 1.71 -0.44 25 X Y 201509070913A  
-179.82 -30.81 391 -1.21 -1.04 2.25 -1.07 -1.91 -0.60 25 X Y 201602011900A  
-177.64 -30.13 49 1.30 -0.01 -1.29 0.12 0.42 -0.36 25 X Y 201606060235A  
-177.84 -30.62 50 1.09 -0.08 -1.01 0.09 0.49 -0.31 25 X Y 201706150026A  
-177.32 -30.27 29 1.42 -0.06 -1.36 0.01 1.19 -0.42 25 X Y 201706281820A  
-179.92 -30.93 409 -0.46 -0.77 1.23 -0.74 -0.65 -0.06 25 X Y 201706290703A  
-178.21 -34.67 14 -1.37 -0.30 1.67 -0.32 -0.14 0.14 25 X Y 201805180145A  
-177.79 -30.64 46 1.30 -0.03 -1.27 0.08 0.61 -0.38 25 X Y 201807072133A  
-179.16 -31.92 117 -1.13 -1.49 2.62 -2.04 -1.30 0.43 26 X Y 201809100418A  
-177.58 -31.92 12 3.47 -0.13 -3.33 0.82 3.30 -1.14 25 X Y 201903061546A  
-177.79 -30.93 48 0.97 -0.08 -0.89 0.07 0.52 -0.27 27 X Y 201906152254A  
-177.79 -31.07 35 3.20 -0.14 -3.06 0.43 2.47 -0.93 25 X Y 201906160517A  
-177.22 -30.85 15 1.32 -0.08 -1.24 0.25 1.06 -0.45 25 X Y 201906170602A  
-177.20 -31.11 14 0.77 -0.02 -0.74 0.14 0.85 -0.22 25 X Y 201906181605A  
-177.81 -30.68 49 5.84 -0.28 -5.56 0.14 2.74 -1.41 25 X Y 201906190701A  
-177.08 -30.80 12 2.39 0.02 -2.40 0.47 1.72 -0.78 25 X Y 201906210837A  
-176.82 -30.76 12 0.82 -0.04 -0.78 0.23 0.77 -0.21 25 X Y 201906241134A  
-179.22 -30.34 12 -0.43 0.44 -0.01 0.57 -0.77 3.19 25 X Y 201906271104A  
-177.71 -30.23 39 1.50 -0.59 -0.91 0.54 1.44 1.60 25 X Y 201909271205A 
