164.5 -48.5 19.850746268656717 2.156039999999999 11.520898000000003 -13.685955000000003 5.520313000000004 -4.289516000000001 -11.167940000000003 27 X Y 
166.5 -45.5 21.64406779661017 4.995169 0.531743 -5.526813000000001 2.7194789999999998 -5.654510999999999 -0.877115 27 X Y 
169.5 -43.5 12.666666666666666 -0.002542 0.00638 -0.003948 -0.003383 -0.012636 -0.015715 27 X Y 
172.5 -43.5 12.785714285714286 0.067998 0.02212 -0.090076 0.062052 -0.00627 -0.407392 27 X Y 
172.5 -42 22.185185185185187 3.674125999999999 1.896522 -5.570769000000001 -1.1605269999999999 4.396321999999999 -2.276125 27 X Y 
176 -41 27.307692307692307 -0.0023349999999999994 0.031635 -0.029292 0.019452 0.103231 0.012782 27 X Y 
176 -39 31.0 -0.024033 0.019748 0.004276 0.013966 0.00035999999999999986 0.013038 27 X Y 
178.5 -38.5 24.234567901234566 -1.0848999999999998 0.219625 0.865399 0.541892 0.749789 0.815593 27 X Y 
179 -35 18.065573770491802 -0.085692 0.024974 0.059822 0.023515 0.1263 0.238759 27 X Y 
-179.5 -31 18.41176470588235 -0.008095 -0.008733 0.016825 0.016151 -0.011564 0.122026 27 X Y 
-178.5 -33 32.839506172839506 3.845682000000001 -0.16614 -3.679156000000002 0.56833 2.69908 -1.118955 27 X Y 
-177.5 -34.5 20.74703557312253 0.416494 -1.371944 0.945248 -0.519619 -0.268958 -1.291856 27 X Y 
179.5 -40 21.375 -0.008043 0.00104 0.007002 -0.00092 -0.0007049999999999998 0.009215 27 X Y 
